load cell callibration - 100g

sample rate:  0.100000s
samples:      60
index:        0
-------------------
0.0391
0.03552
0.03397
0.03552
0.03672
0.04363
0.04005
0.03433
0.03958
0.036
0.03493
0.03207
0.03684
0.03445
0.04148
0.03791
0.03433
0.03123
0.03576
0.03207
0.03779
0.02825
0.03493
0.03934
0.03886
0.03791
0.03505
0.03922
0.03195
0.03982
0.03529
0.03254
0.04196
0.03779
0.03576
0.03695
0.03576
0.04017
0.03922
0.02384
0.03207
0.03433
0.03028
0.0397
0.0391
0.03397
0.03409
0.04005
0.04113
0.03684
0.03171
0.03731
0.03648
0.03386
0.03791
0.03445
0.036
0.04113
0.03433
0.03171
