load cell callibration - 200g

sample rate:  0.100000s
samples:      60
index:        0
-------------------
0.10574
0.1018
0.10908
0.10526
0.11683
0.11432
0.10908
0.11182
0.11539
0.11158
0.11158
0.10276
0.10562
0.10812
0.10276
0.11182
0.10657
0.11182
0.11814
0.11015
0.10145
0.11206
0.10276
0.11289
0.10371
0.10943
0.10705
0.10407
0.11563
0.11039
0.1142
0.10824
0.10324
0.10526
0.11206
0.10777
0.11051
0.11301
0.10908
0.10824
0.11158
0.11039
0.11003
0.10777
0.11158
0.10657
0.11432
0.11253
0.11039
0.11039
0.11051
0.11182
0.11432
0.10335
0.11003
0.1123
0.11301
0.11432
0.11301
0.10872
