500us, 100 coils, 2.5Vmotor

sample rate:  0.100000s
samples:      60
index:        0
-------------------
-0.01657
-0.01526
-0.01526
-0.02158
-0.01776
-0.02038
-0.01395
-0.01776
-0.02539
-0.01907
-0.01395
-0.01144
-0.01395
-0.02038
-0.01526
-0.01526
-0.02289
-0.01395
-0.01395
-0.01776
-0.02158
-0.01526
-0.01144
-0.01395
-0.01776
-0.01526
-0.01013
-0.02289
-0.01776
-0.01907
-0.01776
-0.01657
-0.01657
-0.01144
-0.02539
-0.01013
-0.0025
0.01013
0.04828
0.08416
0.14234
0.21565
0.3022
0.39101
0.45776
0.5523
0.6361
0.71287
-0.01657
-0.01144
-0.01907
-0.01657
-0.01776
-0.02158
-0.01526
-0.01395
-0.01907
-0.01657
-0.01657
-0.02789
