500us, 100 coils, 2.5Vmotor

sample rate:  0.100000s
samples:      60
index:        0
-------------------
-0.01395
-0.01144
-0.01907
-0.01657
-0.01776
-0.02038
-0.01526
-0.01776
-0.01013
-0.01776
-0.02289
-0.01276
-0.01276
-0.01657
-0.01276
-0.01657
-0.01013
-0.01526
-0.01776
-0.02289
-0.02038
-0.02158
-0.01657
-0.02408
-0.01276
-0.01776
-0.01657
-0.01776
-0.0267
-0.00763
-0.00894
-0.01276
-0.01907
-0.01776
-0.01907
-0.01013
-0.00131
0.01776
0.05591
0.09608
0.14937
0.22423
0.31066
0.38624
0.48387
0.56195
0.65553
0.74601
-0.02289
-0.01144
-0.01776
-0.01657
-0.02158
-0.01013
-0.01907
-0.01657
-0.01276
-0.01526
-0.02038
-0.01907
