500us, 100 coils, 2.5Vmotor

sample rate:  0.100000s
samples:      60
index:        0
-------------------
-0.02038
-0.01395
-0.01276
-0.02038
-0.02038
-0.01526
-0.01526
-0.00894
-0.01276
-0.01144
-0.02289
-0.02158
-0.01907
-0.01657
-0.00894
-0.01907
-0.02038
-0.01144
-0.01657
-0.01395
-0.01907
-0.01907
-0.01776
-0.02038
-0.01526
-0.01276
-0.01776
-0.01907
-0.01526
-0.02038
-0.01395
-0.01776
-0.01526
-0.01907
-0.01526
-0.01276
-0.00894
0.02038
0.04959
0.09573
0.14424
0.21231
0.29075
0.37313
0.46253
0.5393
0.62323
-0.03338
-0.01657
-0.01907
-0.01395
-0.01657
-0.01395
-0.01395
-0.01776
-0.02038
-0.01657
-0.01526
-0.02038
-0.01526
