500us, 100 coils, 2.5Vmotor

sample rate:  0.100000s
samples:      60
index:        0
-------------------
-0.01657
-0.01657
-0.01013
-0.02038
-0.02038
-0.01657
-0.02038
-0.01907
-0.02038
-0.01395
-0.01276
-0.01144
-0.01776
-0.01526
-0.02038
-0.01776
-0.02038
-0.02038
-0.01907
-0.02158
-0.01395
-0.01395
-0.01395
-0.01395
-0.01276
-0.01013
-0.02038
-0.01907
-0.01776
-0.01907
-0.01526
-0.01276
-0.01276
-0.01776
-0.01907
-0.01144
-0.00381
-0.00381
0.01776
0.05722
0.11039
0.1713
0.24521
0.31829
0.40352
0.47767
0.57006
0.65279
0.73302
-0.02289
-0.01526
-0.01907
-0.01657
-0.01276
-0.01657
-0.01276
-0.01395
-0.01776
-0.01907
-0.01776
