500us, 100 coils, 2.5Vmotor

sample rate:  0.100000s
samples:      60
index:        0
-------------------
-0.01907
-0.01276
-0.01907
-0.01657
-0.01776
-0.02408
-0.01526
-0.01907
-0.01657
-0.01776
-0.02289
-0.01395
-0.01776
-0.01526
-0.01907
-0.01776
-0.01657
-0.01276
-0.01776
-0.01395
-0.01395
-0.01276
-0.02038
-0.01657
-0.02038
-0.01526
-0.01395
-0.01395
-0.01526
-0.01144
-0.02038
-0.01395
-0.01526
0.00894
0.0416
0.08619
0.13924
0.20134
0.28062
0.37289
0.46277
0.57006
0.65601
0.75161
-0.01657
-0.01776
-0.02408
-0.01776
-0.01776
-0.01144
-0.00763
-0.01526
-0.01776
-0.01776
-0.01907
-0.01276
-0.01776
-0.01395
-0.01776
-0.02408
