500us, 100 coils, 2.5Vmotor

sample rate:  0.100000s
samples:      60
index:        0
-------------------
-0.02038
-0.01276
-0.01657
-0.01776
-0.01144
-0.01776
-0.01144
-0.02038
-0.01144
-0.01776
-0.01907
-0.01013
-0.01657
-0.01276
-0.01144
-0.02038
-0.01776
-0.01395
-0.01276
-0.01526
-0.01395
-0.01526
-0.01776
-0.01776
-0.01013
-0.02038
-0.01776
-0.02038
-0.02038
-0.01657
-0.02038
-0.01276
-0.00894
0.00131
0.02539
0.07069
0.11718
0.18108
0.2538
0.33009
0.42093
0.4859
0.58305
0.66757
0.73338
0.01657
-0.02408
-0.01526
-0.02158
-0.00894
-0.02038
-0.01276
-0.01144
-0.00894
-0.01657
-0.01395
-0.01907
-0.00894
-0.01776
-0.01144
