150us, 100 coils, 2.5Vmotor

sample rate:  0.100000s
samples:      60
index:        0
-------------------
-0.01776
-0.01907
-0.02038
-0.02408
-0.01526
-0.01657
-0.01657
-0.01907
-0.01657
-0.01013
-0.02038
-0.01395
-0.01526
-0.01657
-0.01395
-0.02158
-0.01776
-0.01276
-0.01276
-0.01526
-0.01776
-0.01657
-0.01907
-0.02921
-0.01395
-0.01907
-0.01144
-0.01657
-0.01526
-0.01907
-0.02038
-0.01526
-0.02158
-0.01776
-0.00894
0.00131
0.02956
0.07069
0.14341
0.21744
0.29039
0.39744
0.48101
0.57781
0.67616
-0.00763
-0.01526
-0.02038
-0.01657
-0.01395
-0.01395
-0.02038
-0.01526
-0.01657
-0.02158
-0.01657
-0.01276
-0.01526
-0.01276
-0.00894
