150us, 100 coils, 2.5Vmotor

sample rate:  0.100000s
samples:      60
index:        0
-------------------
-0.01776
-0.01144
-0.01144
-0.01907
-0.02038
-0.02038
-0.02038
-0.02038
-0.01144
-0.01144
-0.01276
-0.01395
-0.01907
-0.01776
-0.01144
-0.01395
-0.01657
-0.02158
-0.02289
-0.01907
-0.01657
-0.02038
-0.01907
-0.01395
-0.01526
-0.01657
-0.02038
-0.01526
-0.01395
-0.01526
-0.01276
-0.01907
-0.01907
-0.01907
-0.01276
0.01013
0.03505
0.07606
0.12624
0.19765
0.29373
0.3792
0.48137
0.57685
0.67699
-0.05591
-0.01907
-0.01276
-0.01657
-0.01526
-0.02158
-0.01907
-0.01526
-0.01657
-0.01776
-0.01776
-0.01276
-0.01907
-0.01657
-0.01657
