150us, 100 coils, 2.5Vmotor

sample rate:  0.100000s
samples:      60
index:        0
-------------------
-0.02158
-0.01013
-0.02408
-0.01907
-0.01907
-0.01395
-0.01657
-0.01526
-0.01276
-0.01144
-0.01013
-0.01776
-0.01907
-0.01776
-0.01526
-0.01526
-0.01395
-0.01276
-0.01276
-0.01776
-0.01526
-0.02038
-0.01776
-0.01395
-0.01013
-0.01776
-0.01395
-0.01526
-0.02038
-0.01776
-0.02038
-0.01907
-0.00763
-0.01657
-0.01907
-0.02038
-0.01013
-0.00131
0.01907
0.0546
0.10574
0.1651
0.23711
0.33188
0.42129
0.50366
0.6038
-0.01013
-0.01657
-0.01276
-0.01526
-0.01395
-0.01657
-0.01776
-0.01907
-0.01276
-0.01526
-0.01657
-0.01907
-0.02038
