150us, 100 coils, 2.5Vmotor

sample rate:  0.100000s
samples:      60
index:        0
-------------------
-0.01657
-0.01907
-0.01526
-0.01144
-0.01526
-0.01657
-0.01907
-0.01395
-0.01657
-0.01776
-0.01276
-0.01776
-0.01776
-0.01776
-0.01276
-0.01144
-0.02158
-0.01657
-0.01395
-0.01526
-0.01526
-0.01395
-0.01526
-0.01526
-0.02158
-0.01526
-0.01907
-0.01907
-0.01526
-0.01526
-0.02038
-0.01776
-0.01907
-0.01395
-0.01907
-0.02038
-0.01907
-0.01776
-0.01013
0.00131
0.0267
0.07379
0.13244
0.19932
0.29922
0.37956
0.4859
0.58877
0.68712
-0.01526
-0.01657
-0.01395
-0.01395
-0.01395
-0.01776
-0.01526
-0.01144
-0.01657
-0.02289
-0.01276
