150us, 100 coils, 2.5Vmotor

sample rate:  0.100000s
samples:      60
index:        0
-------------------
-0.01276
-0.01144
-0.02038
-0.02038
-0.01144
-0.01657
-0.01657
-0.01526
-0.01395
-0.01657
-0.01013
-0.02289
-0.01395
-0.01907
-0.01907
-0.01395
-0.01526
-0.01526
-0.02038
-0.01907
-0.01276
-0.01276
-0.01776
-0.01657
-0.01907
-0.01276
-0.01657
-0.01776
-0.01395
-0.01526
-0.02158
-0.01526
-0.01526
-0.00513
0.02038
0.05078
0.10478
0.17452
0.24343
0.34678
0.43845
0.52452
0.62752
0.71728
-0.02825
-0.01395
-0.02038
-0.01013
-0.01907
-0.01526
-0.01657
-0.01907
-0.01395
-0.01907
-0.01907
-0.01907
-0.01907
-0.02038
-0.01657
-0.01395
