150us, 100 coils, 2.5Vmotor

sample rate:  0.100000s
samples:      60
index:        0
-------------------
-0.01657
-0.01776
-0.01657
-0.01526
-0.02158
-0.02289
-0.02038
-0.01395
-0.01526
-0.01276
-0.01526
-0.02038
-0.01657
-0.01395
-0.02038
-0.01144
-0.01657
-0.01657
-0.01276
-0.01395
-0.01776
-0.01776
-0.01776
-0.01776
-0.00894
-0.01657
-0.01907
-0.01657
-0.02408
-0.01907
-0.02038
-0.01907
-0.01526
-0.02158
-0.02038
-0.01395
-0.01013
-0.00894
0.00894
0.04125
0.07856
0.13804
0.20504
0.28026
0.38099
0.47481
0.57137
0.66507
-0.04387
-0.01907
-0.01657
-0.02158
-0.01526
-0.02408
-0.01395
-0.01907
-0.01526
-0.01907
-0.01907
-0.02038
