200us, 100 coils, 2.5Vmotor

sample rate:  0.100000s
samples:      60
index:        0
-------------------
-0.02539
-0.01776
-0.01395
-0.01526
-0.01907
-0.01526
-0.01657
-0.01657
-0.01776
-0.01657
-0.01526
-0.01144
-0.01395
-0.01276
-0.00763
-0.01276
-0.01657
-0.01144
-0.01907
-0.01657
-0.01395
-0.02158
-0.01276
-0.01657
-0.00131
0.0267
0.05531
0.11969
0.19503
0.27025
0.3686
0.47278
0.57769
-0.01907
-0.01907
-0.02038
-0.01657
-0.02158
-0.01276
-0.01657
-0.01776
-0.01776
-0.02038
-0.01526
-0.01657
-0.01144
-0.01276
-0.02289
-0.01526
-0.01907
-0.00894
-0.02038
-0.01395
-0.01657
-0.01907
-0.01526
-0.01144
-0.02158
-0.01526
-0.01776
