200us, 100 coils, 2.5Vmotor

sample rate:  0.100000s
samples:      60
index:        0
-------------------
-0.01526
-0.01144
-0.01907
-0.01395
-0.01907
-0.01526
-0.01776
-0.01395
-0.01776
-0.02158
-0.01276
-0.02038
-0.01526
-0.02158
-0.01526
-0.01776
-0.01526
-0.01907
-0.02289
-0.01776
-0.01776
-0.01907
-0.01526
-0.01144
-0.01526
-0.01013
-0.02038
-0.01276
-0.01276
-0.01013
-0.01657
-0.02158
-0.01526
-0.01395
-0.02038
-0.01144
-0.01144
-0.01526
-0.00763
0.01144
0.05352
0.09751
0.16677
0.24927
0.33939
0.45145
0.54049
0.64361
-0.01907
-0.01657
-0.01144
-0.01776
-0.01395
-0.01276
-0.01395
-0.02158
-0.01907
-0.01526
-0.01395
-0.01395
