200us, 100 coils, 2.5Vmotor

sample rate:  0.100000s
samples:      60
index:        0
-------------------
-0.02158
-0.01776
-0.02038
-0.02289
-0.02038
-0.01276
-0.01276
-0.01276
-0.02158
-0.01276
-0.01526
-0.02539
-0.01907
-0.02539
-0.01907
-0.02158
-0.01276
-0.01526
-0.01395
-0.01395
-0.01526
-0.01276
-0.01907
-0.01276
-0.00894
-0.01907
-0.01395
-0.00894
-0.01276
-0.00131
0.00381
0.01776
0.0546
0.08655
0.15366
0.21231
0.28872
0.37742
0.20075
-0.01657
-0.02158
-0.02539
-0.01276
-0.01776
-0.02289
-0.01907
-0.01657
-0.02158
-0.02408
-0.02289
-0.01776
-0.02539
-0.02038
-0.01526
-0.02038
-0.01657
-0.01776
-0.01907
-0.01395
-0.01395
