200us, 100 coils, 2.5Vmotor

sample rate:  0.100000s
samples:      60
index:        0
-------------------
-0.02038
-0.01526
-0.02408
-0.01776
-0.02158
-0.01776
-0.01657
-0.01907
-0.01776
-0.00894
-0.01395
-0.01526
-0.02038
-0.01657
-0.01776
-0.01907
-0.01144
-0.02038
-0.01276
-0.01395
-0.01395
-0.01276
-0.00763
0.00381
0.00513
0.01276
0.04447
0.05722
0.10812
0.15914
0.23663
0.32675
0.39399
0.48387
0.54455
0.02408
-0.01526
-0.01013
-0.01013
-0.01395
-0.01526
-0.02038
-0.02038
-0.01776
-0.01657
-0.02038
-0.01395
-0.01526
-0.01526
-0.01526
-0.01657
-0.02539
-0.01395
-0.02158
-0.01526
-0.02158
-0.02038
-0.01276
-0.01526
-0.01526
