200us, 100 coils, 2.5Vmotor

sample rate:  0.100000s
samples:      60
index:        0
-------------------
-0.01776
-0.01276
-0.01526
-0.01144
-0.01776
-0.01776
-0.01276
-0.01526
-0.01907
-0.02038
-0.01395
-0.01526
-0.01526
-0.01276
-0.01276
-0.01776
-0.01276
-0.01907
-0.01395
-0.00513
-0.01776
-0.01276
-0.01907
-0.02038
-0.01276
-0.02289
-0.01526
-0.02158
-0.01395
-0.00894
-0.01144
-0.02158
-0.00381
-0.00131
0.02289
0.05341
0.1092
0.17071
0.24188
0.30935
0.39971
-0.02038
-0.01013
-0.01776
-0.01907
-0.01776
-0.01776
-0.01526
-0.01144
-0.02038
-0.01395
-0.01907
-0.01144
-0.02408
-0.01526
-0.02289
-0.02038
-0.01776
-0.01657
-0.02038
