200us, 100 coils, 2.5Vmotor

sample rate:  0.100000s
samples:      60
index:        0
-------------------
-0.00763
-0.01657
-0.01526
-0.01395
-0.01144
-0.02289
-0.00894
-0.02289
-0.02038
-0.01013
-0.02038
-0.01526
-0.01526
-0.02158
-0.01776
-0.01657
-0.01776
-0.01395
-0.01395
-0.02158
-0.01776
-0.01776
-0.01013
-0.01526
-0.01776
-0.01776
-0.01013
-0.00131
0.02408
0.06032
0.12231
0.20242
0.2743
0.37062
0.46003
0.54848
-0.00632
-0.02038
-0.01657
-0.02289
-0.01657
-0.01144
-0.01395
-0.01776
-0.01907
-0.02289
-0.01395
-0.01526
-0.01526
-0.01657
-0.02158
-0.01776
-0.02038
-0.01657
-0.01276
-0.02289
-0.0025
-0.01657
-0.02408
-0.01395
