200us, 100 coils, 2.5Vmotor

sample rate:  0.100000s
samples:      60
index:        0
-------------------
-0.00894
-0.01276
-0.02158
-0.01657
-0.02158
-0.01395
-0.01144
-0.01776
-0.02038
-0.01395
-0.02539
-0.01395
-0.01657
-0.02038
-0.01526
-0.01276
-0.01907
-0.02408
-0.01276
-0.01907
-0.01526
-0.01776
-0.01526
-0.01776
-0.01526
-0.01907
-0.01907
-0.01276
-0.01657
-0.01526
-0.01526
-0.01276
-0.01657
-0.01657
-0.02289
-0.01907
-0.01144
-0.01526
-0.00513
0.01776
0.06223
0.11432
0.17691
0.25535
0.34916
0.44382
0.55671
0.65219
-0.02289
-0.01657
-0.01526
-0.01776
-0.02158
-0.02158
-0.01907
-0.01776
-0.02289
-0.01526
-0.01013
-0.01144
