200us, 100 coils, 2.5Vmotor

sample rate:  0.100000s
samples:      60
index:        0
-------------------
-0.01395
-0.01276
-0.02289
-0.01526
-0.01526
-0.01526
-0.01276
-0.01776
-0.02289
-0.01657
-0.01276
-0.01657
-0.01657
-0.0267
-0.02038
-0.01144
-0.01657
-0.00763
-0.02408
-0.01276
-0.01526
-0.02289
-0.01276
-0.02158
-0.00894
-0.01144
-0.02158
-0.01526
-0.02289
-0.01395
-0.02038
-0.01657
-0.01276
-0.0025
0.03052
0.06878
0.11969
0.19264
0.26882
0.35918
0.45848
0.54932
0.63396
-0.03302
-0.01395
-0.02038
-0.01907
-0.02038
-0.01395
-0.01907
-0.02289
-0.01657
-0.01776
-0.01907
-0.02539
-0.01657
-0.02289
-0.02038
-0.01907
-0.01657
