200us, 100 coils, 2.5Vmotor

sample rate:  0.100000s
samples:      60
index:        0
-------------------
-0.01776
-0.01526
-0.01276
-0.01395
-0.01776
-0.01526
-0.01395
-0.01526
-0.01776
-0.01657
-0.01013
-0.01526
-0.01907
-0.01776
-0.00894
0.01144
0.01657
0.05591
0.10669
0.17774
0.26262
0.34177
0.4226
0.50926
-0.02623
-0.01395
-0.02038
-0.02408
-0.02408
-0.00763
-0.01776
-0.01276
-0.01657
-0.02038
-0.01395
-0.01395
-0.01657
-0.01776
-0.01776
-0.01395
-0.01276
-0.01776
-0.01657
-0.01907
-0.02158
-0.01395
-0.01907
-0.01657
-0.01657
-0.02038
-0.01276
-0.01276
-0.01013
-0.01526
-0.01276
-0.01776
-0.02038
-0.01395
-0.01776
-0.01144
