200us, 100 coils, 2.5Vmotor

sample rate:  0.100000s
samples:      60
index:        0
-------------------
-0.01907
-0.01395
-0.01395
-0.01526
-0.01907
-0.01657
-0.01657
-0.01144
-0.01907
-0.00894
-0.01276
-0.01526
-0.02158
-0.01776
-0.01395
-0.01144
-0.01526
-0.01907
-0.01276
-0.01395
-0.01395
-0.01657
-0.01276
-0.01657
-0.01144
-0.01395
-0.02158
-0.01395
-0.01526
-0.01776
-0.02539
-0.00894
-0.00894
-0.0025
0.02921
0.06711
0.11635
0.17941
0.25761
0.3289
0.42713
0.52273
0.6119
0.67198
-0.01776
-0.01907
-0.01276
-0.01657
-0.01776
-0.01907
-0.00763
-0.01657
-0.01395
-0.01776
-0.02158
-0.01526
-0.01657
-0.01526
-0.01526
-0.01526
