250us, 100 coils, 2.5Vmotor

sample rate:  0.100000s
samples:      60
index:        0
-------------------
-0.01526
-0.01776
-0.02408
-0.01776
-0.01776
-0.01395
-0.01526
-0.01013
-0.01526
-0.00763
-0.02038
-0.01907
-0.01395
-0.01144
-0.01907
-0.01907
-0.01395
-0.01776
-0.01276
-0.01776
-0.01657
-0.01657
-0.02038
-0.01526
-0.01657
-0.01395
-0.01526
-0.01657
-0.01907
-0.01776
-0.01776
-0.02038
-0.01657
-0.00763
-0.00131
0.03409
0.07033
0.11277
0.18609
0.26667
0.34285
0.43178
0.53263
0.60713
0.70632
-0.01776
-0.01395
-0.01907
-0.02408
-0.01395
-0.02158
-0.01776
-0.02408
-0.02539
-0.01776
-0.01907
-0.01013
-0.01526
-0.01013
-0.01144
