250us, 100 coils, 2.5Vmotor

sample rate:  0.100000s
samples:      60
index:        0
-------------------
-0.01276
-0.01013
-0.01657
-0.01013
-0.01657
-0.01144
-0.02038
-0.01526
-0.01526
-0.02158
-0.02038
-0.01907
-0.01907
-0.01907
-0.01395
-0.01776
-0.02158
-0.02038
-0.01276
-0.01776
-0.01657
-0.01776
-0.02408
-0.01395
-0.01657
-0.01144
-0.01657
-0.01395
-0.01776
-0.01776
-0.01776
-0.01657
-0.01144
-0.01657
-0.01526
-0.00131
0.01276
0.04959
0.10574
0.16677
0.24617
0.32508
0.39458
0.49126
0.57924
0.66376
0.75173
-0.13256
-0.01776
-0.02408
-0.01776
-0.01776
-0.01276
-0.01395
-0.01657
-0.02289
-0.01276
-0.02158
-0.01657
-0.01657
