250us, 100 coils, 2.5Vmotor

sample rate:  0.100000s
samples:      60
index:        0
-------------------
-0.01657
-0.00894
-0.01395
-0.01526
-0.01013
-0.01657
-0.01395
-0.01395
-0.01776
-0.01907
-0.01657
-0.02038
-0.01907
-0.01776
-0.01776
-0.02408
-0.01526
-0.01276
-0.01526
-0.01907
-0.01907
-0.01276
-0.02038
-0.02038
-0.02038
-0.01657
-0.01144
-0.01776
-0.01144
-0.01657
-0.01395
-0.01657
-0.01657
-0.01526
-0.01907
-0.01657
-0.01144
-0.01776
-0.00381
0.02038
0.06294
0.1229
0.19014
0.27013
0.36204
0.46492
0.56887
0.66602
-0.00763
-0.01776
-0.01657
-0.01776
-0.01907
-0.01657
-0.01907
-0.01395
-0.01526
-0.01776
-0.01907
-0.00894
