250us, 100 coils, 2.5Vmotor

sample rate:  0.100000s
samples:      60
index:        0
-------------------
-0.01395
-0.02289
-0.01526
-0.02158
-0.01013
-0.01013
-0.01657
-0.01395
-0.01013
-0.0267
-0.02158
-0.01907
-0.01526
-0.01907
-0.01144
-0.01395
-0.01657
-0.01657
-0.01526
-0.01657
-0.01776
-0.01013
-0.01526
-0.01013
-0.01144
-0.00763
-0.02158
-0.01276
-0.01776
-0.01657
-0.01526
-0.01776
-0.02038
-0.01907
-0.01144
-0.01276
-0.01776
-0.00381
0.01395
0.06354
0.10192
0.16785
0.24021
0.33391
0.39816
0.48721
0.58353
0.66245
0.00763
-0.00894
-0.01395
-0.01395
-0.02038
-0.01657
-0.01907
-0.02158
-0.01776
-0.01526
-0.01526
-0.01526
