250us, 100 coils, 2.5Vmotor

sample rate:  0.100000s
samples:      60
index:        0
-------------------
-0.02038
-0.01657
-0.00894
-0.01395
-0.01526
-0.01526
-0.01526
-0.01013
-0.01395
-0.01776
-0.02158
-0.01395
-0.01657
-0.02038
-0.02408
-0.01526
-0.01776
-0.01144
-0.01395
-0.01776
-0.01907
-0.01526
-0.01657
-0.02038
-0.02158
-0.01395
-0.01907
-0.01395
-0.00763
-0.01907
-0.01276
-0.01657
-0.01776
-0.01395
-0.01144
0.00763
0.02289
0.06306
0.11098
0.18024
0.2557
0.33271
0.42069
0.50294
0.59736
0.68891
0.77498
-0.18072
-0.01013
-0.01526
-0.01776
-0.01776
-0.02038
-0.01907
-0.01526
-0.01526
-0.01526
-0.01276
-0.01657
-0.01776
