250us, 100 coils, 2.5Vmotor

sample rate:  0.100000s
samples:      60
index:        0
-------------------
-0.01907
-0.02408
-0.02289
-0.02038
-0.01776
-0.01013
-0.01144
-0.01657
-0.01907
-0.01907
-0.02158
-0.02038
-0.01526
-0.01395
-0.02158
-0.01144
-0.01395
-0.01776
-0.01907
-0.01907
-0.01144
-0.01144
-0.00894
-0.01526
-0.01144
-0.01144
-0.01776
-0.02038
-0.01144
-0.01526
-0.01526
-0.01144
-0.01276
-0.01907
-0.00763
0.01144
0.04029
0.07737
0.13578
0.21362
0.29278
0.37718
0.46718
0.58675
0.6758
0.76973
-0.01657
-0.01013
-0.01907
-0.01526
-0.01395
-0.01526
-0.01657
-0.02158
-0.01526
-0.01526
-0.01395
-0.01526
-0.01657
-0.02158
