250us, 100 coils, 2.5Vmotor

sample rate:  0.100000s
samples:      60
index:        0
-------------------
-0.01657
-0.01144
-0.01395
-0.02038
-0.01657
-0.01526
-0.01907
-0.01776
-0.02158
-0.01657
-0.02539
-0.01907
-0.01526
-0.01276
-0.01657
-0.01776
-0.01144
-0.01526
-0.01526
-0.01776
-0.01144
-0.01657
-0.01526
-0.01276
-0.02158
-0.01276
-0.02539
-0.01013
-0.02038
-0.01144
-0.01776
-0.01526
-0.01776
-0.02158
-0.02038
-0.01276
-0.01395
-0.01395
-0.01276
-0.00131
0.01907
0.05591
0.11086
0.17357
0.24676
0.32866
0.40603
0.50402
0.60046
0.69559
-0.02539
-0.01776
-0.01776
-0.01526
-0.01657
-0.01907
-0.01276
-0.01276
-0.01907
-0.01526
