250us, 100 coils, 2.5Vmotor

sample rate:  0.100000s
samples:      60
index:        0
-------------------
-0.01657
-0.00894
-0.01013
-0.01907
-0.01144
-0.02038
-0.02038
-0.01776
-0.02408
-0.01657
-0.01526
-0.01276
-0.01526
-0.01907
-0.01526
-0.01657
-0.02158
-0.01526
-0.01907
-0.01526
-0.02038
-0.01276
-0.01276
-0.01013
-0.01907
-0.02158
-0.01395
-0.01144
-0.01907
-0.02038
-0.01526
-0.02038
-0.01276
-0.01526
-0.01276
-0.01013
0.01013
0.03886
0.07319
0.139
0.20313
0.27239
0.35965
0.46492
0.55945
0.65303
0.34142
-0.02289
-0.01907
-0.01526
-0.01907
-0.02158
-0.02158
-0.01276
-0.02158
-0.01144
-0.00894
-0.01657
-0.01657
-0.01776
