250us, 100 coils, 2.5Vmotor

sample rate:  0.100000s
samples:      60
index:        0
-------------------
-0.01526
-0.02158
-0.02038
-0.01776
-0.01395
-0.01657
-0.01907
-0.01907
-0.01013
-0.01657
-0.01526
-0.02038
-0.01144
-0.01776
-0.01657
-0.02539
-0.01276
-0.01276
-0.02158
-0.01144
-0.02038
-0.01526
-0.01526
-0.01395
-0.01395
-0.01276
-0.01776
-0.00513
0.00632
0.01776
0.05341
0.11396
0.17977
0.27001
0.36764
0.45729
0.56076
0.6479
-0.04828
-0.01395
-0.01907
-0.01526
-0.00763
-0.01907
-0.01776
-0.02038
-0.01276
-0.02158
-0.01526
-0.01657
-0.01907
-0.02921
-0.01907
-0.01276
-0.01144
-0.01657
-0.01526
-0.01776
-0.01144
-0.01526
