400us, 175 coils, 2.5Vmotor

sample rate:  0.100000s
samples:      60
index:        0
-------------------
-0.01657
-0.02038
-0.01526
-0.01395
-0.00894
-0.01526
-0.02158
-0.02289
-0.01526
-0.01776
-0.01907
-0.01526
-0.01657
-0.01907
-0.01657
-0.01776
-0.01657
-0.01144
-0.01526
-0.01657
-0.02038
-0.01526
-0.01395
-0.01907
-0.01526
-0.02158
-0.01657
-0.01395
-0.02158
-0.01526
-0.01526
-0.01776
-0.01013
0.01144
0.03886
0.07463
0.14567
0.21231
0.2979
0.39148
0.49222
0.58472
0.68665
0.04911
-0.01657
-0.01395
-0.01526
-0.01776
-0.02038
-0.01526
-0.02158
-0.01657
-0.01276
-0.01526
-0.01013
-0.01776
-0.01657
-0.02038
-0.01526
-0.01395
