400us, 175 coils, 2.5Vmotor

sample rate:  0.100000s
samples:      60
index:        0
-------------------
-0.02038
-0.01657
-0.01395
-0.01776
-0.01276
-0.00894
-0.02539
-0.01526
-0.01144
-0.01776
-0.01395
-0.02289
-0.01657
-0.02408
-0.01657
-0.01776
-0.01657
-0.02038
-0.02158
-0.00513
0.00632
0.0397
0.08273
0.15116
0.22089
0.31698
0.40567
0.49531
0.59199
0.68343
0.76795
0.85783
0.93341
0.94438
1.05
1.12188
-0.00763
-0.01776
-0.02539
-0.01526
-0.01776
-0.01144
-0.01776
-0.01776
-0.01144
-0.02289
-0.01144
-0.01907
-0.02158
-0.02289
-0.02038
-0.01776
-0.01395
-0.01657
-0.02038
-0.01276
-0.01776
-0.02158
-0.01657
-0.01776
