400us, 175 coils, 2.5Vmotor

sample rate:  0.100000s
samples:      60
index:        0
-------------------
-0.01013
-0.01776
-0.00763
-0.02289
-0.01013
-0.02038
-0.01657
-0.01776
-0.01276
-0.01907
-0.01907
-0.01657
-0.02158
-0.01657
-0.01144
-0.01395
-0.01526
-0.00894
-0.02158
-0.01144
-0.01776
-0.01657
0.0
0.02718
0.08237
0.14424
0.21696
0.29683
0.38624
0.46241
0.54955
0.62168
0.70536
0.77701
0.02766
-0.01776
-0.01657
-0.01144
-0.02408
-0.02289
-0.01657
-0.01776
-0.01907
-0.02038
-0.02289
-0.02038
-0.01144
-0.01526
-0.01776
-0.02539
-0.02158
-0.01395
-0.01526
-0.01395
-0.01526
-0.01276
-0.01657
-0.02289
-0.01657
-0.02289
