400us, 175 coils, 2.5Vmotor

sample rate:  0.100000s
samples:      60
index:        0
-------------------
-0.01776
-0.01907
-0.01526
-0.01526
-0.01526
-0.01657
-0.01395
-0.01276
-0.01276
-0.01144
-0.01276
-0.01395
-0.01276
-0.02789
-0.02158
-0.02038
-0.01657
-0.01395
-0.01907
-0.02539
-0.01657
-0.01657
-0.01776
-0.02038
-0.01276
-0.02038
-0.01144
-0.01657
-0.01526
-0.01907
-0.00894
0.01907
0.06104
0.121
0.19264
0.27931
0.37336
0.47016
0.57077
0.67008
0.7627
0.85533
0.93341
0.9557
1.05238
1.12331
-0.01907
-0.01907
-0.01144
-0.01907
-0.01657
-0.02289
-0.01776
-0.01657
-0.01526
-0.01144
-0.02158
-0.01907
-0.01776
-0.02289
