400us, 175 coils, 2.5Vmotor

sample rate:  0.100000s
samples:      60
index:        0
-------------------
-0.02038
-0.01526
-0.00894
-0.01526
-0.01776
-0.01144
-0.01526
-0.01526
-0.02408
-0.02289
-0.01276
-0.01526
-0.01776
-0.01276
-0.01907
-0.02408
-0.01276
-0.01776
-0.01395
-0.01144
-0.02038
-0.01657
-0.00894
-0.00894
0.02158
0.05209
0.10526
0.18072
0.2569
0.34177
0.44
0.53704
0.65172
0.75793
-0.01276
-0.01776
-0.01776
-0.01776
-0.01526
-0.01776
-0.01526
-0.01013
-0.01395
-0.02038
-0.01907
-0.01395
-0.01657
-0.01013
-0.01657
-0.01657
-0.01395
-0.01395
-0.01144
-0.01657
-0.01907
-0.01657
-0.02289
-0.01657
-0.01776
-0.0267
