400us, 175 coils, 2.5Vmotor

sample rate:  0.100000s
samples:      60
index:        0
-------------------
-0.01395
-0.02158
-0.01144
-0.0267
-0.02158
-0.01144
-0.01395
-0.01276
-0.01144
-0.01657
-0.01526
-0.02289
-0.01657
-0.01657
-0.02038
-0.02408
-0.01776
-0.02158
-0.01276
-0.01776
-0.01526
-0.00894
-0.01526
-0.01657
-0.00632
-0.02539
-0.02158
-0.01144
-0.01144
0.01144
0.03684
0.08607
0.14389
0.22888
0.32556
0.41044
0.50628
0.59438
0.67234
0.76377
0.85175
0.93722
-0.01657
-0.01395
-0.02289
-0.02038
-0.01526
-0.01395
-0.01907
-0.02289
-0.01526
-0.01657
-0.01526
-0.01907
-0.02158
-0.01526
-0.01395
-0.02038
-0.02539
-0.01907
