100us, 100 coils, 2.5Vmotor

sample rate:  0.100000s
samples:      60
index:        0
-------------------
-0.01276
-0.01526
-0.01526
-0.01776
-0.01657
-0.01776
-0.01657
-0.01657
-0.01776
-0.02038
-0.01395
-0.01526
-0.01276
-0.01907
-0.01144
-0.02408
-0.02038
-0.01907
-0.00763
-0.01276
-0.02289
-0.01013
-0.01526
-0.01395
-0.01276
-0.00763
-0.01144
-0.02289
-0.01395
-0.02038
-0.01395
-0.01013
-0.01144
-0.00632
-0.01907
-0.01144
-0.01395
0.01526
0.05078
0.10681
0.18358
0.27645
0.37539
0.49007
0.58818
0.42033
-0.00763
-0.01776
-0.01276
-0.01395
-0.01526
-0.01907
-0.02408
-0.01276
-0.01276
-0.01907
-0.02038
-0.01776
-0.01657
-0.02038
