100us, 100 coils, 2.5Vmotor

sample rate:  0.100000s
samples:      60
index:        0
-------------------
-0.01526
-0.02408
-0.01144
-0.01657
-0.01013
-0.01657
-0.01526
-0.01657
-0.01657
-0.01776
-0.01907
-0.02289
-0.00894
-0.01013
-0.02038
-0.01526
-0.02038
-0.01657
-0.01395
-0.01657
-0.00894
-0.01144
-0.01776
-0.02158
-0.01395
-0.01395
-0.01526
-0.01144
-0.02158
-0.01776
-0.01395
-0.01144
-0.01776
-0.01657
-0.01144
-0.02038
-0.01776
-0.02289
-0.01657
-0.01395
0.00513
0.02408
0.07188
0.14424
0.22709
0.3289
0.44894
0.54336
-0.05817
-0.01526
-0.01907
-0.02408
-0.01776
-0.01526
-0.01526
-0.02038
-0.02289
-0.01907
-0.01526
-0.01276
