100us, 100 coils, 2.5Vmotor

sample rate:  0.100000s
samples:      60
index:        0
-------------------
-0.01657
-0.01776
-0.01657
-0.00894
-0.01776
-0.01526
-0.01276
-0.01907
-0.01276
-0.01395
-0.00894
-0.01395
-0.01144
-0.01144
-0.01276
-0.01144
-0.01395
-0.01013
-0.01395
-0.01276
-0.02158
-0.01526
-0.01395
-0.01526
-0.01144
-0.02038
-0.01395
-0.01276
-0.01013
-0.01526
-0.01276
-0.01395
-0.01657
-0.01526
-0.01526
-0.01395
-0.02038
-0.01526
-0.02038
-0.00894
-0.00381
0.01276
0.05078
0.11134
0.18883
0.28229
0.39506
0.49913
0.62835
-0.1123
-0.01395
-0.02539
-0.01776
-0.01907
-0.01276
-0.01776
-0.01526
-0.01657
-0.02038
-0.01395
