100us, 100 coils, 2.5Vmotor

sample rate:  0.100000s
samples:      60
index:        0
-------------------
-0.01657
-0.01907
-0.01395
-0.02038
-0.01776
-0.01657
-0.01776
-0.01144
-0.01395
-0.01657
-0.01144
-0.01907
-0.01776
-0.01276
-0.01907
-0.01907
-0.01657
-0.01776
-0.01395
-0.02289
-0.01526
-0.01776
-0.01013
-0.02158
-0.01526
-0.01657
-0.01144
-0.01395
0.00381
0.03386
0.08416
0.14818
0.23425
0.33152
0.42892
0.52965
0.62418
0.02408
-0.01776
-0.01395
-0.01395
-0.01657
-0.01276
-0.00894
-0.02038
-0.01657
-0.02539
-0.01395
-0.02158
-0.02158
-0.01776
-0.01395
-0.01526
-0.01657
-0.01526
-0.01395
-0.01657
-0.02289
-0.00763
-0.02408
