100us, 100 coils, 2.5Vmotor

sample rate:  0.100000s
samples:      60
index:        0
-------------------
-0.01907
-0.01776
-0.01657
-0.02038
-0.02038
-0.01776
-0.01657
-0.01657
-0.01776
-0.02158
-0.02038
-0.01776
-0.01013
-0.01657
-0.01907
-0.01395
-0.01657
-0.01276
-0.01276
-0.01013
-0.02158
-0.00894
-0.01013
-0.02289
-0.02038
-0.01276
-0.01526
-0.01395
-0.00894
-0.01526
-0.01907
-0.01013
-0.01776
-0.01144
-0.01526
-0.01276
-0.01013
-0.00632
0.02789
0.07951
0.15831
0.24211
0.34809
0.4586
0.59688
0.7019
-0.01776
-0.01657
-0.02158
-0.01013
-0.01907
-0.01526
-0.02158
-0.02038
-0.01276
-0.01907
-0.01276
-0.01526
-0.01907
-0.01144
