500us, 100 coils, 2.5Vmotor

sample rate:  0.100000s
samples:      60
index:        0
-------------------
-0.01907
-0.01395
-0.01776
-0.02038
-0.01526
-0.01526
-0.01526
-0.01144
-0.01526
-0.01144
-0.01657
-0.01776
-0.01657
-0.02038
-0.01776
-0.01395
-0.01907
-0.01657
-0.01526
-0.00513
-0.01526
-0.02038
-0.01657
-0.02158
-0.00763
-0.00381
0.02289
0.05972
0.10478
0.17345
0.23973
0.33391
0.42951
0.52702
0.63503
0.72682
-0.01907
-0.01776
-0.01776
-0.00894
-0.02158
-0.01776
-0.01144
-0.01395
-0.02038
-0.02289
-0.01144
-0.02038
-0.02158
-0.01013
-0.01657
-0.02158
-0.01144
-0.01395
-0.00894
-0.01776
-0.02289
-0.01276
-0.01776
-0.01013
