500us, 100 coils, 2.5Vmotor

sample rate:  0.100000s
samples:      60
index:        0
-------------------
-0.01907
-0.01395
-0.01657
-0.02038
-0.01395
-0.01526
-0.01657
-0.01657
-0.02289
-0.02038
-0.01395
-0.02158
-0.01657
-0.02289
-0.02038
-0.01776
-0.01657
-0.01395
-0.01907
-0.01776
-0.01526
-0.01526
-0.01657
-0.01776
-0.00763
-0.01013
-0.01776
-0.01657
-0.01276
-0.00131
0.02158
0.0608
0.10169
0.17071
0.24784
0.33772
0.42355
0.51391
0.60213
0.69237
0.76985
0.05829
-0.01776
-0.01276
-0.02158
-0.01395
-0.01144
-0.01395
-0.01144
-0.01276
-0.01276
-0.01776
-0.01657
-0.01776
-0.01395
-0.01907
-0.01276
-0.01526
-0.01276
-0.01144
