500us, 100 coils, 2.5Vmotor

sample rate:  0.100000s
samples:      60
index:        0
-------------------
-0.01907
-0.01526
-0.01776
-0.01907
-0.01657
-0.02038
-0.01907
-0.01395
-0.01776
-0.02158
-0.01144
-0.01526
-0.01144
-0.01907
-0.02038
-0.01776
-0.01526
-0.01013
-0.01776
-0.02038
-0.02158
-0.02158
-0.01395
-0.01657
-0.01776
-0.01729
-0.01907
-0.00632
-0.01144
-0.01526
-0.01395
-0.01526
-0.00894
-0.01657
-0.00632
0.00763
0.02539
0.06342
0.10574
0.16677
0.23901
0.32043
0.40901
0.49984
0.57971
0.67616
-0.03815
-0.01907
-0.01907
-0.01657
-0.01657
-0.01276
-0.01907
-0.01395
-0.01144
-0.02038
-0.02289
-0.02539
-0.01013
-0.01907
