500us, 100 coils, 2.5Vmotor

sample rate:  0.100000s
samples:      60
index:        0
-------------------
-0.01144
-0.01907
-0.02539
-0.01657
-0.02158
-0.01276
-0.01526
-0.01657
-0.01395
-0.02158
-0.01776
-0.01276
-0.01657
-0.00763
-0.01776
-0.01526
-0.01776
-0.01395
-0.01526
-0.02158
-0.01776
-0.01657
-0.01395
-0.01907
-0.01526
-0.01276
-0.01657
-0.01395
-0.01907
-0.00894
-0.01526
-0.01395
-0.02158
-0.02158
-0.00894
0.01013
0.03922
0.07987
0.13661
0.20981
0.28086
0.35965
0.44286
0.5101
0.59688
0.66936
0.73099
0.74506
0.72169
0.71406
0.75459
-0.00894
-0.02789
-0.01526
-0.02158
-0.01776
-0.01657
-0.01907
-0.01657
-0.01657
