500us, 100 coils, 2.5Vmotor

sample rate:  0.100000s
samples:      60
index:        0
-------------------
-0.01276
-0.01776
-0.01276
-0.01526
-0.01657
-0.01657
-0.01776
-0.01013
-0.01526
-0.01526
-0.01526
-0.01276
-0.02789
-0.02158
-0.01776
-0.01907
-0.02038
-0.01907
-0.02289
-0.01776
-0.02038
-0.02158
-0.01907
-0.01657
-0.01776
-0.01657
-0.01776
-0.01526
-0.01776
-0.01776
-0.01657
-0.01395
-0.01657
-0.02158
-0.02158
-0.01907
-0.00131
0.01657
0.05209
0.10478
0.1713
0.23639
0.30649
0.40591
0.48482
0.56887
0.66328
0.74685
-0.01144
-0.02038
-0.01657
-0.01657
-0.02038
-0.01776
-0.01276
-0.01657
-0.01657
-0.01276
-0.02539
-0.01526
