500us, 100 coils, 2.5Vmotor

sample rate:  0.100000s
samples:      60
index:        0
-------------------
-0.01776
-0.01526
-0.01276
-0.01526
-0.01276
-0.01907
-0.01907
-0.01526
-0.01013
-0.01013
-0.01526
-0.01144
-0.01776
-0.02038
-0.01776
-0.02038
-0.01776
-0.01776
-0.01776
-0.01276
-0.01907
-0.01907
-0.02158
-0.01395
-0.01907
-0.01144
-0.01907
-0.01657
-0.00763
0.0025
0.01776
0.0546
0.09239
0.15032
0.2315
0.31352
0.41497
0.49257
0.59533
0.68915
0.78619
-0.01144
-0.01144
-0.01395
-0.01276
-0.02158
-0.01276
-0.01395
-0.01907
-0.01657
-0.00763
-0.02038
-0.00632
-0.01776
-0.01776
-0.01526
-0.01144
-0.01395
-0.01657
-0.01276
