500us, 100 coils, 2.5Vmotor

sample rate:  0.100000s
samples:      60
index:        0
-------------------
-0.01395
-0.01395
-0.01526
-0.01657
-0.02289
-0.01395
-0.01907
-0.01395
-0.01907
-0.01657
-0.01657
-0.01776
-0.01395
-0.02038
-0.01907
-0.02289
-0.02038
-0.01526
-0.01013
-0.02408
-0.01907
-0.01395
-0.02289
-0.01276
-0.02158
-0.01144
-0.01395
-0.01526
-0.02158
-0.01657
-0.02038
-0.01907
-0.01144
-0.01276
-0.01276
-0.01526
-0.01526
-0.01276
-0.01657
-0.01013
-0.0025
0.02921
0.05591
0.09835
0.15533
0.22602
0.29886
0.39113
0.48375
0.56672
0.65553
0.73361
-0.04244
-0.01776
-0.01657
-0.01907
-0.01776
-0.02038
-0.01276
-0.01276
