250us, 75 coils, 2.5Vmotor

sample rate:  0.100000s
samples:      60
index:        0
-------------------
-0.01657
-0.01776
-0.01657
-0.02158
-0.01657
-0.01276
-0.01657
-0.01776
-0.01907
-0.01907
-0.01657
-0.01776
-0.01526
-0.01395
-0.01907
-0.01276
-0.01776
-0.00763
-0.00632
-0.00763
0.01395
0.03171
0.07987
0.12684
-0.01907
0.01276
-0.03636
-0.0025
-0.02408
-0.01776
-0.02038
-0.02158
-0.01657
-0.01907
-0.02038
-0.02289
-0.01776
-0.01657
-0.01657
-0.02408
-0.01776
-0.00894
-0.02158
-0.02038
-0.01144
-0.01776
-0.01526
-0.01526
-0.01276
-0.01657
-0.01657
-0.01657
-0.02038
-0.01395
-0.01395
-0.01276
-0.01395
-0.01907
-0.01144
-0.02038
