250us, 75 coils, 2.5Vmotor

sample rate:  0.100000s
samples:      60
index:        0
-------------------
-0.01276
-0.01395
-0.01776
-0.01907
-0.01776
-0.01526
-0.01657
-0.02289
-0.01657
-0.01144
-0.01395
-0.01657
-0.00632
-0.01526
-0.01276
-0.00131
0.00894
0.0267
0.05341
0.11063
0.17798
-0.01395
-0.00131
-0.03242
-0.00131
-0.02158
-0.00763
-0.02038
-0.01776
-0.01526
-0.01144
-0.01395
-0.01776
-0.01395
-0.01144
-0.01907
-0.01657
-0.01526
-0.01395
-0.00894
-0.01276
-0.01013
-0.02038
-0.02158
-0.01776
-0.01526
-0.01526
-0.01276
-0.01657
-0.01395
-0.01907
-0.01907
-0.01526
-0.01657
-0.01776
-0.01776
-0.01144
-0.01013
-0.01526
-0.01395
