250us, 75 coils, 2.5Vmotor

sample rate:  0.100000s
samples:      60
index:        0
-------------------
-0.01526
-0.01776
-0.01395
-0.01276
-0.01526
-0.01776
-0.01907
-0.01395
-0.00894
-0.01395
-0.01395
-0.01776
-0.01526
-0.01776
-0.01395
-0.01526
-0.02289
-0.01657
-0.01657
-0.01657
-0.00894
-0.01144
-0.01907
-0.01776
-0.01395
-0.00131
-0.00131
0.01907
0.04458
0.07999
0.13542
0.04578
-0.04447
-0.01013
-0.00763
-0.02038
-0.01013
-0.01144
-0.01013
-0.01657
-0.00894
-0.01657
-0.01144
-0.01526
-0.01395
-0.01776
-0.01657
-0.01526
-0.01144
-0.01144
-0.01776
-0.01657
-0.01526
-0.01144
-0.01657
-0.01526
-0.01144
-0.02158
-0.01395
-0.01276
