250us, 75 coils, 2.5Vmotor

sample rate:  0.100000s
samples:      60
index:        0
-------------------
-0.01657
-0.00894
-0.01144
-0.01526
-0.00763
-0.01013
-0.01776
-0.01395
-0.01395
-0.01526
-0.02038
-0.01526
-0.01526
-0.01276
-0.01144
-0.01526
-0.01657
-0.01013
-0.0025
0.02718
0.06258
0.11015
-0.0416
0.01776
-0.04637
-0.0025
-0.0267
-0.00513
-0.01776
-0.02158
-0.01395
-0.00763
-0.02158
-0.02158
-0.01276
-0.01776
-0.01013
-0.02289
-0.01776
-0.01776
-0.01776
-0.01657
-0.01276
-0.01907
-0.01526
-0.01776
-0.01657
-0.01395
-0.01776
-0.00894
-0.01144
-0.00513
-0.01907
-0.00894
-0.02038
-0.01526
-0.01526
-0.01907
-0.01526
-0.01907
