250us, 75 coils, 2.5Vmotor

sample rate:  0.100000s
samples:      60
index:        0
-------------------
-0.01526
-0.01395
-0.01526
-0.01013
-0.01776
-0.01013
-0.01144
-0.02038
-0.02289
-0.01276
-0.01395
-0.01526
-0.01526
-0.01907
-0.02038
-0.01395
-0.01144
-0.01907
-0.01657
-0.01276
-0.01276
-0.00632
-0.01907
-0.00632
0.0
-0.00131
0.01907
0.05722
0.10312
0.15891
-0.01395
-0.02789
-0.00381
-0.02408
-0.01013
-0.01144
-0.01657
-0.01657
-0.01776
-0.01395
-0.01907
-0.01657
-0.01013
-0.01776
-0.01657
-0.01526
-0.01144
-0.01907
-0.02289
-0.01395
-0.01144
-0.01526
-0.01526
-0.01013
-0.01907
-0.01395
-0.01013
-0.01776
-0.02289
-0.02038
