400us, 100 coils, 2.5Vmotor

sample rate:  0.100000s
samples:      60
index:        0
-------------------
-0.02408
-0.01657
-0.02038
-0.01657
-0.02408
-0.02158
-0.01276
-0.02408
-0.01657
-0.01657
-0.01395
-0.01907
-0.01526
-0.01395
-0.01144
-0.01776
-0.01776
-0.01276
-0.01526
-0.01395
-0.01395
-0.01276
0.0
0.00632
0.03052
0.06199
0.10777
0.1564
0.2284
0.29159
0.36931
-0.0025
-0.01776
-0.01657
-0.01276
-0.02038
-0.01013
-0.01144
-0.02038
-0.01907
-0.01526
-0.01907
-0.01144
-0.02408
-0.01395
-0.01276
-0.01776
-0.02408
-0.01657
-0.01395
-0.01776
-0.01657
-0.01144
-0.02289
-0.01395
-0.01526
-0.01395
-0.01013
-0.01907
-0.01144
