400us, 100 coils, 2.5Vmotor

sample rate:  0.100000s
samples:      60
index:        0
-------------------
-0.01526
-0.02158
-0.02408
-0.01144
-0.01657
-0.01657
-0.02038
-0.01013
-0.02158
-0.01907
-0.01657
-0.01526
-0.02158
-0.01907
-0.01526
-0.01013
-0.02408
-0.00894
-0.01395
-0.01144
-0.01776
-0.01276
-0.02038
-0.02038
-0.01395
-0.01657
-0.01276
0.00131
0.02789
0.06342
0.10872
0.17536
0.24307
0.32198
0.41366
0.50557
-0.04447
-0.01526
-0.01526
-0.01526
-0.01526
-0.02038
-0.01144
-0.01907
-0.01526
-0.01657
-0.01907
-0.01657
-0.01013
-0.01776
-0.02038
-0.01657
-0.01526
-0.01144
-0.01657
-0.01526
-0.01657
-0.01395
-0.01276
-0.02038
