400us, 100 coils, 2.5Vmotor

sample rate:  0.100000s
samples:      60
index:        0
-------------------
-0.01276
-0.01776
-0.01657
-0.01526
-0.02539
-0.01657
-0.01526
-0.01657
-0.02038
-0.01526
-0.02038
-0.01907
-0.01144
-0.01395
-0.01657
-0.02038
-0.02038
-0.01526
-0.01144
-0.01776
-0.01657
-0.02158
-0.01526
-0.02038
-0.01657
-0.00894
-0.01526
-0.01526
-0.00632
0.01776
0.03684
0.08941
0.14544
0.21505
0.29922
0.38004
0.47064
0.57101
-0.01526
-0.01657
-0.02289
-0.01776
-0.01276
-0.01276
-0.01907
-0.02408
-0.01276
-0.02158
-0.01395
-0.01657
-0.01395
-0.01776
-0.01776
-0.01276
-0.01526
-0.01395
-0.01907
-0.02038
-0.01657
-0.01013
