100us, 100 coils, 2.5Vmotor

sample rate:  0.100000s
samples:      60
index:        0
-------------------
-0.02789
-0.01776
-0.01657
-0.01907
-0.02539
-0.02158
-0.02038
-0.01776
-0.01907
-0.01013
-0.01395
-0.01776
-0.01657
-0.01395
-0.01013
-0.01776
-0.01526
-0.02789
-0.01013
-0.01276
-0.01526
-0.01907
-0.01395
-0.01276
-0.01776
-0.01276
-0.01907
-0.01526
-0.01276
-0.01276
-0.01657
-0.01526
-0.01657
-0.01776
-0.01776
-0.01144
-0.01395
0.0
0.02158
0.06151
0.12755
0.2147
0.31137
0.41449
0.52702
0.64886
-0.01276
-0.01144
-0.01657
-0.01395
-0.01907
-0.01013
-0.01907
-0.01907
-0.01776
-0.01526
-0.01657
-0.01657
-0.01907
-0.01526
