100us, 100 coils, 2.5Vmotor

sample rate:  0.100000s
samples:      60
index:        0
-------------------
-0.01526
-0.01276
-0.01144
-0.01395
-0.01395
-0.02038
-0.01526
-0.02038
-0.01526
-0.01395
-0.01526
-0.01776
-0.01907
-0.01013
-0.01395
-0.01395
-0.01907
-0.01657
-0.01657
-0.01776
-0.02289
-0.01395
-0.00894
-0.02038
-0.01013
-0.02038
-0.01657
-0.01776
-0.01144
-0.01013
-0.01395
0.0025
0.01907
0.07081
0.1334
0.20707
0.29504
0.38934
0.48971
0.58532
0.69726
-0.01276
-0.01657
-0.01526
-0.01657
-0.01907
-0.01144
-0.01657
-0.01144
-0.01395
-0.02038
-0.01395
-0.02289
-0.00894
-0.01907
-0.02038
-0.02289
-0.01907
-0.01776
-0.01907
