100us, 100 coils, 2.5Vmotor

sample rate:  0.100000s
samples:      60
index:        0
-------------------
-0.02038
-0.01395
-0.01776
-0.01657
-0.01395
-0.01657
-0.02038
-0.01395
-0.02289
-0.01776
-0.02289
-0.01013
-0.01526
-0.02158
-0.01395
-0.01776
-0.00894
-0.02158
-0.01276
-0.01657
-0.01144
-0.01776
-0.01657
-0.01907
-0.01395
-0.02038
-0.01657
-0.02038
-0.01526
-0.01776
-0.01907
-0.01144
-0.01395
-0.01776
-0.02038
-0.01526
-0.01013
0.01395
0.05078
0.11897
0.18752
0.28443
0.38385
0.48721
0.5933
-0.01276
-0.02289
-0.01776
-0.01776
-0.01276
-0.01395
-0.01526
-0.01657
-0.01907
-0.02038
-0.01776
-0.01657
-0.01526
-0.01526
-0.01276
