100us, 100 coils, 2.5Vmotor

sample rate:  0.100000s
samples:      60
index:        0
-------------------
-0.01657
-0.01276
-0.01395
-0.01907
-0.01657
-0.02158
-0.01526
-0.01144
-0.01395
-0.01144
-0.01776
-0.01776
-0.01395
-0.01657
-0.01395
-0.01395
-0.01526
-0.01276
-0.01907
-0.02539
-0.01776
-0.01776
-0.02038
-0.01526
-0.02038
-0.01526
-0.01526
-0.01276
-0.02158
-0.01657
-0.01395
-0.01276
-0.01657
-0.01657
-0.01657
-0.01657
-0.01013
-0.01276
-0.0267
-0.01395
-0.01395
-0.00513
0.02539
0.0639
0.13387
0.21136
0.30172
0.4214
0.52965
0.00513
-0.01526
-0.00894
-0.01526
-0.01657
-0.01657
-0.02038
-0.01276
-0.01776
-0.02158
-0.01395
