400us, 100 coils, 2.5Vmotor, new charge

sample rate:  0.100000s
samples:      60
index:        0
-------------------
-0.01657
-0.01144
-0.00632
-0.01776
-0.01657
-0.01276
-0.01907
-0.01013
-0.01907
-0.02038
-0.01144
-0.00894
-0.01395
-0.01907
-0.01776
-0.02038
-0.01776
-0.02158
-0.01395
-0.01657
-0.00894
-0.00894
-0.02158
-0.01013
-0.01526
-0.01144
-0.02158
-0.01276
-0.02038
-0.02158
-0.02158
-0.01144
-0.01907
-0.01144
-0.01144
-0.0025
0.01144
0.05078
0.1055
0.15306
0.22221
0.29898
0.38099
0.45776
0.52154
0.57173
0.5579
0.53751
0.60248
0.64588
0.3438
-0.01907
-0.01776
-0.01657
-0.01395
-0.01526
-0.01907
-0.01776
-0.01276
-0.01013
