400us, 100 coils, 2.5Vmotor, new charge

sample rate:  0.100000s
samples:      60
index:        0
-------------------
-0.01276
-0.01907
-0.01776
-0.01657
-0.02408
-0.01776
-0.01395
-0.01907
-0.02158
-0.01907
-0.01276
-0.02289
-0.01144
-0.01395
-0.01657
-0.01276
-0.01526
-0.02158
-0.01395
-0.01907
-0.01907
-0.01144
-0.02289
-0.01526
-0.01395
-0.01657
-0.00632
-0.02158
-0.01395
-0.01657
-0.01013
-0.01907
-0.01526
-0.0025
0.01276
0.04578
0.0881
0.14567
0.21863
0.30077
0.38552
0.46515
0.55861
0.63121
0.71359
0.76973
0.82779
0.8291
0.79477
0.78475
0.77736
0.83482
0.87559
0.91624
-0.01395
-0.01395
-0.01776
-0.01526
-0.01526
-0.02038
