400us, 100 coils, 2.5Vmotor, new charge

sample rate:  0.100000s
samples:      60
index:        0
-------------------
-0.01526
-0.01907
-0.01276
-0.02158
-0.01013
-0.02038
-0.01013
-0.02038
-0.01657
-0.02038
-0.01657
-0.01395
-0.01657
-0.01276
-0.01776
-0.01657
-0.02289
-0.01144
-0.01526
-0.02038
-0.01144
-0.01907
-0.01526
-0.01395
-0.01276
-0.02038
-0.01526
-0.01395
-0.01657
-0.01907
-0.01395
0.00513
0.02837
0.06032
0.11897
0.17643
0.26643
0.33271
0.41664
0.48494
0.53835
0.57411
0.54848
0.53453
0.59855
0.64206
0.68629
0.74255
0.01013
-0.01395
-0.01013
-0.01276
-0.01907
-0.01526
-0.01907
-0.00894
-0.01776
-0.02038
-0.01657
-0.01526
