400us, 100 coils, 2.5Vmotor, new charge

sample rate:  0.100000s
samples:      60
index:        0
-------------------
-0.01526
-0.01776
-0.01776
-0.01776
-0.02158
-0.01395
-0.01907
-0.01526
-0.01776
-0.01276
-0.01776
-0.02289
-0.01907
-0.01276
-0.02289
-0.01657
-0.01526
-0.01526
-0.01526
-0.01907
-0.01013
0.00131
0.03004
0.08714
0.14853
0.23532
0.33474
0.43786
0.54693
0.65088
-0.05591
-0.01657
-0.01395
-0.01526
-0.01276
-0.01526
-0.02038
-0.01907
-0.02289
-0.01776
-0.01013
-0.02539
-0.01395
-0.01657
-0.01657
-0.01395
-0.01276
-0.01776
-0.01144
-0.01657
-0.02038
-0.01657
-0.01276
-0.02408
-0.01526
-0.01526
-0.02038
-0.01776
-0.01144
-0.01907
