400us, 100 coils, 2.5Vmotor, new charge

sample rate:  0.100000s
samples:      60
index:        0
-------------------
-0.01526
-0.02158
-0.01907
-0.01907
-0.01657
-0.01776
-0.01776
-0.02158
-0.01526
-0.01907
-0.01657
-0.01776
-0.02289
-0.01776
-0.00894
-0.01907
-0.01526
-0.01776
-0.01776
-0.01395
-0.01657
-0.01907
-0.02539
-0.01776
-0.01657
-0.01776
-0.01276
-0.01144
-0.01144
-0.00894
0.01395
0.05341
0.11039
0.17023
0.25809
0.35298
0.43857
0.54336
0.62966
0.73349
-0.01776
-0.01526
-0.01657
-0.01907
-0.01776
-0.01907
-0.01657
-0.01395
-0.01776
-0.02289
-0.02289
-0.00894
-0.01907
-0.01776
-0.01276
-0.01526
-0.01144
-0.02038
-0.01144
-0.01144
