400us, 100 coils, 2.5Vmotor, new charge(handpull-gentle)

sample rate:  0.100000s
samples:      60
index:        0
-------------------
0.0546
0.06568
0.08905
0.09608
0.11182
0.12577
0.15163
0.17893
0.21338
0.2284
0.25833
0.28229
0.2954
0.30267
0.31877
0.32711
0.35858
0.39458
0.40793
0.43035
0.43702
0.44143
0.46527
0.47243
0.50747
0.51689
0.54991
0.56767
0.57411
0.60117
0.62203
0.63264
0.64373
0.65124
0.69654
-0.0298
-0.01776
-0.00763
-0.01276
-0.01276
-0.01657
-0.02408
-0.01276
-0.02289
-0.02158
-0.01657
-0.01776
-0.02158
-0.01395
-0.01144
-0.01526
-0.01776
-0.01907
-0.02038
-0.01657
-0.02038
-0.01526
-0.02289
-0.01276
-0.01526
