400us, 100 coils, 2.5Vmotor, new charge

sample rate:  0.100000s
samples:      60
index:        0
-------------------
-0.01395
-0.02158
-0.01657
-0.01013
-0.02038
-0.01013
-0.02038
-0.01276
-0.01013
-0.01776
-0.01013
-0.01657
-0.01657
-0.01395
-0.01395
-0.01526
-0.01395
-0.01657
-0.01276
-0.01776
-0.01013
-0.01907
-0.01276
-0.01276
-0.01907
-0.01395
-0.01144
0.01013
0.02825
0.067
0.11671
0.18632
0.27072
0.36585
0.45729
0.55909
0.64468
0.73886
-0.01276
-0.01395
-0.02038
-0.01276
-0.02289
-0.01276
-0.01776
-0.01526
-0.01013
-0.01276
-0.00763
-0.01526
-0.01526
-0.01657
-0.01907
-0.02038
-0.02158
-0.01395
-0.01776
-0.02539
-0.01657
-0.01276
