sample rate: 	0
  			  samples: 		100
  			  index: 		0
  			  --------------------0.03982
-0.03552
-0.04256
-0.03588
-0.03302
-0.03588
-0.04017
-0.03254
-0.03839
-0.05341
-0.03672
-0.04959
0.0025
0.09954
0.08738
0.09501
0.09787
0.07904
0.07641
0.07975
0.07927
0.07856
0.08655
0.08166
0.09942
0.11373
0.15068
0.20266
0.28563
0.35989
0.46253
0.60248
0.7906
0.97203
1.1183
1.26147
1.37138
1.41239
1.45662
1.49226
1.50526
1.49143
1.47891
1.45984
1.44267
1.4236
1.42217
1.40142
1.38283
1.36054
1.33884
1.33789
1.31559
1.30594
1.31083
1.30916
1.30093
1.28198
1.27578
1.25694
1.26719
1.24407
1.14155
0.76783
0.19515
0.06747
0.09084
0.08929
0.09036
0.08166
0.0788
0.07939
0.08905
0.09036
0.08655
0.08523
0.08285
0.08261
0.08929
0.07653
0.08523
0.0751
0.07284
0.0819
0.07987
0.08237
0.05841
-0.00763
-0.05591
-0.04828
-0.04768
-0.03624
-0.036
-0.03743
-0.04125
-0.03684
-0.03874
-0.04148
-0.03922
-0.03684
