sample rate: 0
samples: 100
index: 0
-0.04005
-0.04196
-0.04148
-0.03862
-0.04005
-0.0397
-0.0397
-0.03636
-0.03684
-0.04196
-0.0453
-0.04077
-0.01144
0.04828
0.07164
0.09477
0.08416
0.08404
0.08142
0.07749
0.08607
0.09525
0.0881
0.09573
0.10216
0.11039
0.12529
0.12589
0.14055
0.18871
0.30851
0.5002
0.76592
0.9892
0.43178
0.16034
0.09525
0.11039
0.14484
0.22709
0.38159
0.59199
0.96464
1.26016
1.29771
0.54789
0.19896
0.12195
0.13924
0.14925
0.15545
0.21625
0.3525
0.6547
0.99754
1.29068
1.49012
1.12116
0.34714
0.11814
0.08333
0.08833
0.07856
0.09751
0.08786
0.07987
0.08321
0.08142
0.09036
0.09167
0.08786
0.08786
0.08798
0.08655
0.08273
0.08786
0.0788
0.08833
0.07761
0.07904
0.07939
0.09072
0.07737
0.08416
0.09227
0.08285
0.08523
0.08416
0.08035
0.08929
0.08428
0.0751
0.03743
0.02158
-0.01526
-0.05078
-0.04148
-0.03362
-0.0422
-0.03982
