sample rate:  0.1
samples:      100
index:        0
-------------------
-0.0298
-0.03719
-0.0422
-0.04256
-0.03541
-0.0335
-0.04387
-0.03862
-0.03743
-0.03791
0.03874
0.09835
0.07713
0.08905
0.07308
0.07141
0.09322
0.08619
0.07987
0.11051
0.15318
0.27537
0.39005
0.50867
0.67616
0.87309
1.09649
1.24383
1.29199
1.30105
1.302
1.31869
1.28818
1.24812
1.21069
1.19293
1.17135
1.14107
1.11997
1.12379
1.11091
1.09923
1.08647
1.09923
1.12641
1.11568
1.11878
1.10424
1.07491
1.0581
0.91374
0.36347
0.13924
0.06986
0.08547
0.07892
0.07904
0.06878
0.07594
0.09084
0.10085
0.08953
0.09239
0.0813
0.09036
0.08523
0.07653
0.08762
0.07606
0.00763
-0.06831
-0.03767
-0.0627
-0.0397
-0.04005
-0.03767
-0.04268
-0.03541
-0.03934
-0.04148
-0.04101
-0.03719
-0.04017
-0.04125
-0.04363
-0.04482
-0.03386
-0.03874
-0.03719
-0.03481
-0.04065
-0.036
-0.04125
-0.0397
-0.03839
-0.03862
-0.04148
-0.03815
-0.03457
-0.03874
