250us, 100 coils, 2.5Vmotor

sample rate:  0.100000s
samples:      60
index:        0
-------------------
-0.01013
-0.02038
-0.01144
-0.02038
-0.02038
-0.01526
-0.01776
-0.01526
-0.01395
-0.00632
-0.01526
-0.01013
-0.00894
-0.01526
-0.02038
-0.01276
-0.00381
0.0025
0.01657
0.03433
0.02718
0.04077
0.08607
0.12875
0.20862
0.27931
0.36335
-0.08368
0.01776
-0.02921
-0.01395
-0.01657
-0.01657
-0.01013
-0.01657
-0.00894
-0.01144
-0.01526
-0.01144
-0.01526
-0.01276
-0.01526
-0.01907
-0.02038
-0.01526
-0.01144
-0.01276
-0.02038
-0.01276
-0.02038
-0.01395
-0.02038
-0.02038
-0.01013
-0.01657
-0.01657
-0.00763
-0.01907
-0.01395
-0.02289
