250us, 100 coils, 2.5Vmotor

sample rate:  0.100000s
samples:      60
index:        0
-------------------
-0.01395
-0.01276
-0.01657
-0.01657
-0.00894
-0.01013
-0.01144
-0.01657
-0.02038
-0.01276
-0.0025
0.00894
0.03743
0.08225
0.12398
0.18501
0.26357
0.33438
-0.03028
0.00131
-0.02789
-0.00131
-0.01657
-0.01144
-0.01276
-0.01013
-0.01907
-0.01526
-0.01395
-0.01776
-0.01907
-0.01526
-0.01144
-0.01276
-0.01776
-0.02158
-0.01144
-0.01395
-0.00763
-0.01657
-0.01526
-0.01907
-0.01395
-0.02158
-0.01144
-0.02408
-0.01657
-0.01276
-0.01776
-0.01907
-0.01907
-0.01276
-0.01276
-0.02038
-0.00894
-0.01276
-0.02038
-0.01907
-0.01276
-0.01657
