250us, 100 coils, 2.5Vmotor

sample rate:  0.100000s
samples:      60
index:        0
-------------------
-0.01276
-0.01144
-0.01013
-0.01395
-0.00763
-0.02038
-0.01395
-0.01657
-0.01526
-0.01776
-0.01013
-0.01776
-0.01526
-0.02158
-0.01657
-0.01395
-0.00131
0.01276
0.04578
0.0912
0.14424
0.20623
0.27525
0.34809
-0.08976
-0.00632
-0.00513
-0.03052
-0.00632
-0.02158
-0.01526
-0.01657
-0.02038
-0.01276
-0.01657
-0.01395
-0.01657
-0.01907
-0.01657
-0.01907
-0.01657
-0.01395
-0.01144
-0.01144
-0.01276
-0.01526
-0.01776
-0.01776
-0.01276
-0.01395
-0.01276
-0.01526
-0.01395
-0.02038
-0.01657
-0.01395
-0.02038
-0.01907
-0.01395
-0.01657
