250us, 100 coils, 2.5Vmotor

sample rate:  0.100000s
samples:      60
index:        0
-------------------
-0.01276
-0.01013
-0.01776
-0.01657
-0.01526
-0.01907
-0.01776
-0.01776
-0.01395
-0.01276
-0.01144
-0.00632
-0.00381
0.0
0.00513
0.01013
0.02289
0.05341
0.08428
0.13542
0.19383
0.2588
0.33522
0.12636
-0.04065
-0.00381
-0.02289
-0.01395
-0.01657
-0.01526
-0.01907
-0.01526
-0.01776
-0.01526
-0.01776
-0.02158
-0.01657
-0.01144
-0.00763
-0.01144
-0.01395
-0.02038
-0.01776
-0.02038
-0.01907
-0.01526
-0.01526
-0.01907
-0.01276
-0.02158
-0.01276
-0.01144
-0.01907
-0.01657
-0.00894
-0.01526
-0.01013
-0.01907
-0.01395
-0.00513
