250us, 100 coils, 2.5Vmotor

sample rate:  0.100000s
samples:      60
index:        0
-------------------
-0.01657
-0.01276
-0.01395
-0.01526
-0.01526
-0.01907
-0.01526
-0.01276
-0.01776
-0.01395
-0.01776
-0.01657
-0.01907
-0.01013
-0.02038
-0.01907
-0.01395
-0.01395
-0.01526
-0.02158
-0.01276
-0.0025
0.02408
0.05209
0.09954
0.15402
0.2234
0.30899
0.37873
0.02038
-0.03159
0.0
-0.01276
-0.01526
-0.02038
-0.01013
-0.01395
-0.01526
-0.02038
-0.01526
-0.01144
-0.01776
-0.02038
-0.01276
-0.01526
-0.01276
-0.02038
-0.02038
-0.01144
-0.01657
-0.01013
-0.01276
-0.01657
-0.02289
-0.01526
-0.01013
-0.01657
-0.01144
-0.01526
-0.01776
