250us, 100 coils, 2.5Vmotor

sample rate:  0.100000s
samples:      60
index:        0
-------------------
-0.01526
-0.01526
-0.01776
-0.01907
-0.01276
-0.02408
-0.01144
-0.01395
-0.02158
-0.01657
-0.01526
-0.01013
-0.00381
0.00632
0.02861
0.06402
0.11432
0.17405
0.24045
0.31066
0.04828
-0.05591
0.01526
-0.02241
-0.00381
-0.02038
-0.01276
-0.02038
-0.01657
-0.01907
-0.01144
-0.01395
-0.01395
-0.01395
-0.00894
-0.01526
-0.01657
-0.01395
-0.01776
-0.01657
-0.01657
-0.01395
-0.01395
-0.01395
-0.01144
-0.02038
-0.01526
-0.01776
-0.01144
-0.01776
-0.00894
-0.01526
-0.01907
-0.01144
-0.02289
-0.01395
-0.01526
-0.01657
-0.01907
-0.01276
