250us, 100 coils, 2.5Vmotor

sample rate:  0.100000s
samples:      60
index:        0
-------------------
-0.01013
-0.01526
-0.01276
-0.01907
-0.01395
-0.01907
-0.01395
-0.01526
-0.01526
-0.01657
-0.01276
-0.01013
-0.01657
-0.01776
-0.01526
-0.01013
-0.01276
-0.01526
-0.00513
-0.00381
0.01776
0.03493
0.06104
0.11563
0.1756
0.24974
0.32842
-0.04065
0.01907
-0.03624
-0.00632
-0.01526
-0.01657
-0.01144
-0.01526
-0.02539
-0.01907
-0.01526
-0.01276
-0.01395
-0.01395
-0.00894
-0.01276
-0.01776
-0.01395
-0.01526
-0.01395
-0.01013
-0.01276
-0.01526
-0.00632
-0.01776
-0.01657
-0.01395
-0.01776
-0.02158
-0.01907
-0.01776
-0.01657
-0.01144
