50us, 100 coils, 2.5Vmotor

sample rate:  0.100000s
samples:      60
index:        0
-------------------
-0.01907
-0.00763
-0.01657
-0.01907
-0.01526
-0.01276
-0.01907
-0.01526
-0.01526
-0.01657
-0.01395
-0.01776
-0.01526
-0.01776
-0.01776
-0.01276
-0.01526
-0.01776
-0.02408
-0.01657
-0.02289
-0.02158
-0.02158
-0.01657
-0.01776
-0.01526
-0.01276
-0.02158
-0.01657
-0.01276
-0.01395
-0.01657
-0.01907
-0.01395
-0.01907
-0.00894
-0.01776
-0.01144
-0.01776
-0.01657
-0.00131
0.02158
0.05829
0.12624
0.20027
0.28586
0.39506
0.49698
0.60761
-0.03111
-0.01776
-0.01276
-0.02289
-0.01276
-0.02158
-0.01144
-0.02158
-0.01276
-0.01776
-0.01907
