50us, 100 coils, 2.5Vmotor

sample rate:  0.100000s
samples:      60
index:        0
-------------------
-0.01395
-0.02539
-0.01657
-0.01526
-0.01907
-0.01144
-0.01776
-0.01395
-0.02158
-0.01276
-0.01276
-0.02038
-0.01657
-0.01276
-0.01395
-0.01907
-0.01907
-0.01276
-0.01395
-0.01657
-0.01657
-0.01657
-0.01276
-0.01276
-0.01907
-0.01526
-0.01395
-0.01395
-0.02289
-0.01657
-0.01657
-0.01657
-0.02158
-0.01395
0.0025
0.0329
0.0788
0.13113
0.19383
0.28205
0.36252
0.45609
0.5548
-0.02289
-0.02289
-0.01526
-0.01526
-0.01907
-0.01907
-0.01526
-0.01395
-0.01907
-0.01776
-0.01526
-0.01776
-0.01776
-0.01776
-0.01276
-0.02408
-0.01276
