50us, 100 coils, 2.5Vmotor

sample rate:  0.100000s
samples:      60
index:        0
-------------------
-0.01907
-0.01657
-0.01395
-0.02158
-0.01526
-0.01776
-0.01907
-0.01776
-0.01776
-0.01657
-0.01276
-0.01144
-0.02038
-0.01395
-0.01395
-0.01907
-0.01526
-0.01395
-0.01776
-0.01657
-0.01526
-0.01526
-0.01657
-0.01395
-0.01657
-0.01526
-0.01395
-0.02158
-0.01013
-0.01776
-0.01776
-0.01907
-0.01657
-0.01657
-0.01776
-0.00894
-0.01907
-0.01657
-0.01776
-0.01144
-0.01526
-0.01907
-0.01526
0.0
0.01395
0.06199
0.11432
0.20027
0.27263
0.37301
0.46897
0.58281
-0.01776
-0.01776
-0.01395
-0.01013
-0.02038
-0.01907
-0.02158
-0.01776
