50us, 100 coils, 2.5Vmotor

sample rate:  0.100000s
samples:      60
index:        0
-------------------
-0.01776
-0.01657
-0.01907
-0.01013
-0.01907
-0.01144
-0.01395
-0.01776
-0.02539
-0.01395
-0.01526
-0.01907
-0.01395
-0.01657
-0.01657
-0.01776
-0.02408
-0.02289
-0.01657
-0.01276
-0.01526
-0.01907
-0.01776
-0.01776
-0.01395
-0.01526
-0.01144
-0.01144
-0.01907
-0.01907
-0.01776
-0.01395
-0.01907
-0.01526
-0.01276
-0.01526
-0.00894
-0.01276
-0.01907
-0.02158
-0.01144
-0.01144
0.0025
0.03731
0.07737
0.14472
0.22984
0.3289
0.41366
0.53501
0.5672
-0.01395
-0.02539
-0.01526
-0.02158
-0.01276
-0.02038
-0.01907
-0.02038
-0.01776
