50us, 100 coils, 2.5Vmotor

sample rate:  0.100000s
samples:      60
index:        0
-------------------
-0.01395
-0.02408
-0.01144
-0.01907
-0.01907
-0.01907
-0.01776
-0.01526
-0.01276
-0.01657
-0.01395
-0.01776
-0.01776
-0.01907
-0.01013
-0.01907
-0.01526
-0.00632
-0.01526
-0.01276
-0.01776
-0.01657
-0.01276
-0.01657
-0.02038
-0.01395
-0.01395
-0.02038
-0.01907
-0.01144
-0.02038
-0.01144
-0.01776
-0.02038
-0.01395
-0.01526
-0.01395
-0.00894
-0.01144
0.0
0.01907
0.05865
0.12481
0.20325
0.28312
0.38874
0.49269
0.60487
-0.12958
-0.02289
-0.01907
-0.02038
-0.01657
-0.02038
-0.01526
-0.01395
-0.01776
-0.01907
-0.01276
-0.01657
