30V(powersupply), 100 coils, 2.5Vmotor

sample rate:  0.100000s
samples:      100
index:        0
-------------------
-0.02038
-0.01526
-0.01144
-0.02158
-0.02158
-0.01395
-0.00894
-0.02408
-0.01776
-0.02158
-0.01526
-0.01776
-0.01657
-0.01013
-0.02038
-0.01657
-0.02038
-0.01657
-0.01657
-0.01395
-0.00763
0.00632
0.03672
0.06855
0.10085
0.14675
0.21148
0.27668
0.35298
0.43333
0.5182
0.61941
0.70286
0.79608
0.01776
-0.01657
-0.01395
-0.01907
-0.01907
-0.01276
-0.01657
-0.02038
-0.01907
-0.01526
-0.01657
-0.01276
-0.02158
-0.01395
-0.02158
-0.01276
-0.02289
-0.01776
-0.01276
-0.00763
-0.01526
-0.01907
-0.01907
-0.02408
-0.02158
-0.01657
-0.02038
-0.01657
-0.02289
-0.01657
-0.01907
-0.01657
-0.01907
-0.02289
-0.01776
-0.02038
-0.02158
-0.01526
-0.01276
-0.01776
-0.01276
-0.00894
-0.00894
-0.01526
-0.01776
-0.02158
-0.01395
-0.01144
-0.01907
-0.01395
-0.01776
-0.01907
-0.01776
-0.01013
-0.02289
-0.01144
-0.01276
-0.02038
-0.02158
-0.02158
-0.01144
-0.01395
-0.01276
-0.03695
-0.01907
-0.02038
