30V(powersupply), 100 coils, 2.5Vmotor

sample rate:  0.100000s
samples:      100
index:        0
-------------------
-0.01276
-0.01907
-0.01907
-0.01657
-0.01144
-0.01907
-0.01526
-0.01657
-0.01526
-0.01276
-0.02289
-0.01276
-0.01526
-0.02038
-0.01907
-0.01657
-0.01907
-0.01526
-0.01526
-0.02038
-0.01526
-0.01776
-0.02289
-0.01144
-0.01776
-0.01907
-0.02038
-0.01395
-0.01276
-0.01013
-0.01657
-0.0025
0.01144
0.04303
0.08845
0.13912
0.20146
0.27156
0.35048
0.41616
0.52321
0.60117
0.69869
0.77474
0.84651
0.88334
-0.08416
-0.01657
-0.01776
-0.01526
-0.01657
-0.01013
-0.01144
-0.01395
-0.01776
-0.02289
-0.02038
-0.01657
-0.01013
-0.0267
-0.00632
-0.01395
-0.01776
-0.01657
-0.01013
-0.00894
-0.01144
-0.01776
-0.01276
-0.01776
-0.02408
-0.01276
-0.01276
-0.01526
-0.01526
-0.01657
-0.00632
-0.01776
-0.00894
-0.02158
-0.01526
-0.01907
-0.01776
-0.01526
-0.01395
-0.01907
-0.01907
-0.01907
-0.01776
-0.02038
-0.02038
-0.01657
-0.01013
-0.01776
-0.01144
-0.01526
-0.01657
-0.01395
-0.01657
-0.01526
