30V(powersupply), 100 coils, 2.5Vmotor

sample rate:  0.100000s
samples:      60
index:        0
-------------------
-0.01526
-0.01395
-0.01776
-0.01657
-0.00894
-0.01907
-0.01776
-0.01657
-0.01526
-0.01907
-0.01144
-0.01776
-0.02158
-0.00632
-0.01657
-0.01657
-0.01276
-0.01776
-0.01526
-0.01395
-0.01657
-0.02289
-0.01144
-0.01276
-0.01657
-0.01276
-0.01657
-0.01395
-0.01526
-0.01776
-0.01395
-0.01276
-0.01657
-0.01657
-0.01657
-0.01276
-0.01776
-0.00632
0.01657
0.04125
0.06783
0.12243
0.17011
0.23913
0.319
0.39101
0.48482
0.56756
0.65994
-0.05341
-0.01276
-0.01144
-0.02158
-0.01907
-0.00763
-0.02408
-0.01657
-0.02038
-0.01907
-0.01776
