250us, 175 coils, 2.5Vmotor

sample rate:  0.100000s
samples:      60
index:        0
-------------------
-0.02289
-0.01526
-0.02158
-0.01395
-0.01144
-0.01776
-0.01776
-0.01526
-0.01013
-0.01657
-0.01526
-0.02038
-0.01013
-0.01276
-0.01907
-0.01526
-0.01013
-0.01657
-0.01907
-0.01276
-0.01395
-0.01526
-0.01395
-0.01657
-0.01907
-0.01013
-0.00632
-0.00632
-0.00513
-0.00894
0.0
0.02289
0.06831
0.13638
0.21231
0.29516
0.39256
0.4791
0.57137
0.66376
0.76687
-0.13638
0.06545
-0.06652
0.00894
-0.0298
-0.00632
-0.02408
-0.01395
-0.01657
-0.01526
-0.01276
-0.01657
-0.01907
-0.02038
-0.01395
-0.00894
-0.01144
-0.01395
-0.01276
