250us, 175 coils, 2.5Vmotor

sample rate:  0.100000s
samples:      60
index:        0
-------------------
-0.01526
-0.01395
-0.01526
-0.01144
-0.01526
-0.01526
-0.01276
-0.01526
-0.01657
-0.01657
-0.01907
-0.02289
-0.01907
-0.01526
-0.01013
-0.01657
-0.01013
-0.01276
0.00894
0.04697
0.10729
0.16797
0.25201
0.33534
0.43142
0.51367
0.60928
0.69904
-0.01657
-0.07498
0.03684
-0.04959
0.00894
-0.0248
-0.01395
-0.01395
-0.01657
-0.01276
-0.01526
-0.01395
-0.01526
-0.02038
-0.01276
-0.01526
-0.01907
-0.01144
-0.01276
-0.00894
-0.01657
-0.01276
-0.01526
-0.01276
-0.01776
-0.00763
-0.01776
-0.01395
-0.01657
-0.02038
-0.00894
-0.01395
