250us, 175 coils, 2.5Vmotor

sample rate:  0.100000s
samples:      60
index:        0
-------------------
-0.01657
-0.01526
-0.02158
-0.00381
-0.01144
-0.01013
-0.01526
-0.01395
-0.01276
-0.01276
-0.01013
-0.02539
-0.02038
-0.00632
-0.02038
-0.01657
-0.01013
-0.01907
-0.02289
-0.01526
-0.01526
-0.01657
-0.00632
0.00894
0.03684
0.09084
0.16391
0.24152
0.34428
0.43333
0.5151
0.63074
0.71931
0.82457
-0.0205
-0.02825
0.01013
-0.02921
0.00381
-0.02408
-0.00513
-0.01276
-0.01776
-0.02289
-0.01144
-0.01276
-0.01526
-0.01907
-0.02038
-0.01657
-0.01526
-0.01395
-0.01526
-0.04315
-0.01776
-0.01907
-0.01776
-0.01907
-0.01395
-0.01276
