250us, 175 coils, 2.5Vmotor

sample rate:  0.100000s
samples:      60
index:        0
-------------------
-0.01907
-0.01776
-0.00894
-0.01526
-0.02038
-0.01907
-0.01657
-0.01907
-0.01144
-0.01776
-0.02038
-0.01144
-0.01144
-0.01395
-0.00763
-0.01776
-0.00513
-0.01776
-0.01526
-0.00894
-0.01657
-0.01526
-0.00894
-0.00894
-0.01907
-0.01144
-0.01013
-0.01907
-0.01526
-0.01276
-0.01276
-0.01776
-0.01276
-0.01657
-0.00763
0.01013
0.04435
0.08619
0.14675
0.21505
0.29123
0.38433
0.47135
0.54848
0.62752
0.70119
0.76902
-0.09716
0.05078
-0.04828
0.01013
-0.0267
-0.00763
-0.01907
-0.00894
-0.01657
-0.01776
-0.01657
-0.01526
-0.01013
