250us, 175 coils, 2.5Vmotor

sample rate:  0.100000s
samples:      60
index:        0
-------------------
-0.01657
-0.01657
-0.01276
-0.01276
-0.01657
-0.01657
-0.01395
-0.02158
-0.01395
-0.02289
-0.01395
-0.01907
-0.01144
-0.01526
-0.01657
-0.01144
-0.01276
-0.01526
-0.01276
-0.01657
-0.01526
-0.00894
-0.01276
-0.01144
-0.01276
-0.01395
-0.01013
-0.01657
-0.01776
-0.01013
-0.01657
-0.01657
-0.01144
-0.00381
0.01526
0.03958
0.07749
0.13113
0.20278
0.25976
0.33009
0.40853
0.47898
0.56374
0.62931
0.68223
0.05686
-0.09131
0.06151
-0.05591
0.00763
-0.02193
-0.01144
-0.02539
-0.00894
-0.02289
-0.00894
-0.01776
-0.02158
-0.01657
