250us, 175 coils, 2.5Vmotor

sample rate:  0.100000s
samples:      60
index:        0
-------------------
-0.01657
-0.01526
-0.02158
-0.01526
-0.01657
-0.01395
-0.01395
-0.01776
-0.01144
-0.00632
-0.01657
-0.01276
-0.01276
-0.01276
-0.01276
-0.01013
-0.01657
-0.01276
-0.01395
-0.02038
-0.01276
-0.00763
-0.01276
-0.01144
-0.00894
-0.01395
-0.00894
-0.01395
-0.01395
-0.00763
-0.00763
0.00632
0.03171
0.07594
0.13912
0.2172
0.31459
0.39971
0.49317
0.57912
0.68092
0.03934
-0.07224
0.03445
-0.04578
0.00632
-0.01907
-0.01144
-0.01776
-0.01776
-0.01907
-0.00632
-0.01395
-0.01657
-0.01526
-0.01013
-0.02158
-0.02038
-0.01013
-0.01395
