250us, 175 coils, 2.5Vmotor

sample rate:  0.100000s
samples:      60
index:        0
-------------------
-0.01013
-0.01526
-0.01657
-0.00763
-0.01776
-0.01907
-0.00894
-0.01395
-0.01276
-0.01526
-0.01907
-0.02289
-0.01144
-0.01276
-0.01276
-0.02289
-0.01526
-0.00894
-0.01526
-0.01276
-0.01276
-0.01657
-0.01776
-0.01657
-0.02038
-0.01276
-0.01395
-0.01776
-0.01776
-0.01276
-0.01526
-0.01395
-0.01907
-0.00381
0.00632
0.03314
0.08953
0.16367
0.2476
0.33915
0.4319
0.51606
0.61357
0.71597
0.82397
-0.12898
0.05841
-0.05591
0.0025
-0.02491
-0.00894
-0.02038
-0.01276
-0.01395
-0.01395
-0.01776
-0.00894
-0.01395
-0.01776
-0.01657
