250us, 175 coils, 2.5Vmotor

sample rate:  0.100000s
samples:      60
index:        0
-------------------
-0.01776
-0.01907
-0.01526
-0.01526
-0.01526
-0.02038
-0.01395
-0.01276
-0.01657
-0.01657
-0.01526
-0.02038
-0.01395
-0.01276
-0.02289
-0.00632
-0.01776
-0.00894
-0.0267
-0.01776
-0.01276
-0.01395
-0.02038
-0.01907
-0.01395
-0.01013
-0.01276
-0.01144
0.0
0.01657
0.06354
0.11325
0.1725
0.24402
0.32508
0.41187
0.50247
0.58806
0.68128
0.7652
0.85032
0.91565
0.94306
0.96738
0.27013
-0.04745
-0.05543
0.02158
-0.0546
0.01013
-0.02539
-0.00763
-0.01144
-0.02921
0.0025
-0.01526
-0.00894
-0.01776
-0.01276
-0.02789
