250us, 150 coils, 2.5Vmotor

sample rate:  0.100000s
samples:      60
index:        0
-------------------
-0.01013
-0.01776
-0.02158
-0.01526
-0.01526
-0.01526
-0.01776
-0.01395
-0.01776
-0.02038
-0.01144
-0.01907
-0.01526
-0.01776
-0.02289
-0.01144
-0.01276
-0.01526
-0.01657
-0.01526
-0.01395
-0.01276
-0.01776
-0.01276
-0.01907
-0.01276
-0.01144
-0.01144
-0.01526
-0.00894
-0.01657
-0.01144
-0.01395
-0.00632
0.0025
0.00894
0.03409
0.06497
0.1092
0.17679
0.24402
0.32997
0.40793
0.49603
0.5728
0.65601
0.06986
-0.04697
-0.01657
-0.00763
-0.01657
-0.01144
-0.01395
-0.01276
-0.01395
-0.01657
-0.01395
-0.01657
-0.01657
-0.01526
