250us, 150 coils, 2.5Vmotor

sample rate:  0.100000s
samples:      60
index:        0
-------------------
-0.01395
-0.01276
-0.01395
-0.01657
-0.01013
-0.01395
-0.01657
-0.01776
-0.01526
-0.01276
-0.02038
-0.01276
-0.01776
-0.02158
-0.02158
-0.01776
-0.00763
-0.01395
-0.02038
-0.01144
-0.01526
-0.01776
-0.00894
-0.01657
-0.01144
-0.01526
-0.01395
-0.02158
-0.01276
-0.01776
-0.01907
-0.01013
-0.01013
-0.01395
-0.00513
0.01395
0.02921
0.067
0.12445
0.18609
0.26238
0.34678
0.41974
0.50795
0.58472
0.67222
0.76425
-0.14699
0.02539
-0.01526
-0.01395
-0.01907
-0.01526
-0.01395
-0.01013
-0.01526
-0.02038
-0.01395
-0.01395
-0.01657
