250us, 150 coils, 2.5Vmotor

sample rate:  0.100000s
samples:      60
index:        0
-------------------
-0.01013
-0.01276
-0.01776
-0.01276
-0.01395
-0.02038
-0.01776
-0.01776
-0.01144
-0.01776
-0.00763
-0.01526
-0.01526
-0.01144
-0.01657
-0.02408
-0.01907
-0.01657
-0.01276
-0.01276
-0.01395
-0.02038
-0.01013
-0.01776
-0.02038
-0.01776
-0.01013
-0.01907
-0.01657
-0.01776
-0.01776
-0.01776
-0.00894
-0.01013
-0.01013
-0.01013
-0.01144
0.00381
0.01657
0.04256
0.07975
0.12863
0.19133
0.2687
0.34428
0.42355
0.50294
0.58258
0.66853
0.10407
-0.02348
-0.03004
0.00632
-0.03028
-0.00763
-0.01013
-0.01144
-0.01395
-0.01013
-0.01276
