250us, 150 coils, 2.5Vmotor

sample rate:  0.100000s
samples:      60
index:        0
-------------------
-0.01657
-0.01526
-0.01395
-0.01657
-0.01907
-0.01776
-0.01776
-0.01276
-0.01907
-0.01526
-0.01526
-0.01395
-0.01276
-0.01395
-0.01907
-0.01657
-0.01657
-0.01395
-0.01657
-0.01144
-0.01526
-0.01395
-0.01907
-0.01144
-0.00894
-0.01776
-0.01276
-0.02038
-0.01657
-0.01776
-0.01526
-0.01013
-0.00513
-0.0025
0.00894
0.03839
0.07212
0.13638
0.21124
0.28634
0.38505
0.46241
0.55373
0.6361
0.72348
-0.11134
0.0
-0.01276
-0.01657
-0.00763
-0.01395
-0.01395
-0.01526
-0.02038
-0.01276
-0.01657
-0.01776
-0.02158
-0.02038
-0.02408
