250us, 150 coils, 2.5Vmotor

sample rate:  0.100000s
samples:      60
index:        0
-------------------
-0.00513
-0.01395
-0.01657
-0.01395
-0.01276
-0.02038
-0.01395
-0.01907
-0.01013
-0.01657
-0.01907
-0.01776
-0.01776
-0.01395
-0.02158
-0.01395
-0.01776
-0.01395
-0.02038
-0.01395
-0.01776
-0.01776
-0.01013
-0.01144
-0.02038
-0.01013
-0.01276
-0.01776
-0.01144
-0.01657
-0.01657
-0.01526
-0.00894
-0.01276
-0.00763
-0.01276
-0.01276
-0.00131
0.00894
0.03338
0.07594
0.12922
0.2023
0.27895
0.36061
0.43559
0.52023
0.60046
0.33379
-0.07188
-0.01144
0.0025
-0.02539
-0.01395
-0.01657
-0.01144
-0.01657
-0.01657
-0.01276
-0.02038
