250us, 150 coils, 2.5Vmotor

sample rate:  0.100000s
samples:      60
index:        0
-------------------
-0.01907
-0.01907
-0.01276
-0.01395
-0.01013
-0.01395
-0.01395
-0.01526
-0.01395
-0.02038
-0.01526
-0.01395
-0.01776
-0.01526
-0.01395
-0.01395
-0.02038
-0.01276
-0.01907
-0.02158
-0.01276
-0.01144
-0.01776
-0.01013
-0.01907
-0.01526
-0.01776
-0.00894
-0.01013
0.0
0.01013
0.02921
0.04578
0.0962
0.15509
0.23484
0.30708
0.40269
0.47469
0.56541
0.63992
0.72587
-0.12207
0.05591
-0.05078
0.00381
-0.03171
-0.00894
-0.01526
-0.02038
-0.01776
-0.01395
-0.01526
-0.02038
-0.02038
-0.01526
-0.01526
-0.01013
-0.00763
-0.01776
