250us, 150 coils, 2.5Vmotor

sample rate:  0.100000s
samples:      60
index:        0
-------------------
-0.02038
-0.01013
-0.01144
-0.01657
-0.01276
-0.01144
-0.01657
-0.01276
-0.01395
-0.01144
-0.01395
-0.01144
-0.01526
-0.02289
-0.01907
-0.01526
-0.01526
-0.01776
-0.01276
-0.00894
-0.01013
-0.01526
-0.01276
-0.01907
-0.01276
-0.01526
-0.01395
-0.01144
-0.00894
-0.0025
-0.00894
-0.00513
0.00632
0.01907
0.0664
0.11921
0.19133
0.26488
0.35131
0.44525
0.53132
0.61786
0.5374
0.07188
-0.06151
0.01526
-0.02861
0.00131
-0.02158
-0.01526
-0.01907
-0.01907
-0.01526
-0.01276
-0.01657
-0.01776
-0.01657
-0.01776
-0.01776
-0.01276
