250us, 150 coils, 2.5Vmotor

sample rate:  0.100000s
samples:      60
index:        0
-------------------
-0.01276
-0.01013
-0.01526
-0.01657
-0.01276
-0.01395
-0.01395
-0.01776
-0.00894
-0.01395
-0.01144
-0.01657
-0.01526
-0.01276
-0.01657
-0.01395
-0.00894
-0.01776
-0.01526
-0.01907
-0.01657
-0.01395
-0.01526
-0.01013
-0.01395
-0.00894
-0.01144
-0.01276
-0.01276
-0.01526
-0.00763
0.0
0.01776
0.0546
0.1204
0.18358
0.27394
0.35632
0.44286
0.53596
0.61679
0.71287
-0.06902
-0.07021
0.01526
-0.04113
0.01013
-0.02539
-0.00381
-0.02289
-0.01013
-0.02158
-0.01395
-0.01395
-0.00632
-0.01395
-0.01395
-0.01526
-0.01276
-0.01276
