250us, 150 coils, 2.5Vmotor

sample rate:  0.100000s
samples:      60
index:        0
-------------------
-0.01395
-0.01526
-0.01395
-0.01657
-0.01013
-0.01276
-0.01144
-0.01657
-0.01526
-0.01276
-0.02158
-0.01526
-0.00894
-0.01276
-0.01526
-0.01907
-0.01144
-0.01776
-0.01526
-0.01395
-0.00894
-0.01276
-0.01526
-0.01276
-0.01776
-0.00894
-0.01395
-0.01526
-0.01526
-0.01395
-0.01276
-0.00381
0.00763
0.02408
0.07164
0.12624
0.19765
0.28062
0.37789
0.46492
0.54085
0.63312
0.71597
-0.01144
0.02098
-0.04959
-0.00381
-0.02408
-0.00894
-0.01657
-0.01013
-0.01276
-0.00513
-0.01907
-0.01776
-0.01395
-0.01657
-0.01526
-0.00894
-0.01395
