300us, 100 coils, 2.5Vmotor

sample rate:  0.100000s
samples:      60
index:        0
-------------------
-0.01907
-0.01907
-0.01395
-0.01776
-0.01013
-0.02038
-0.01776
-0.01776
-0.01907
-0.02038
-0.01907
-0.01526
-0.02038
-0.01657
-0.01657
-0.00894
-0.01657
-0.01776
-0.01776
-0.02408
-0.00894
-0.02158
-0.01395
-0.01776
-0.01526
-0.01907
-0.01657
-0.01395
-0.01657
-0.01144
-0.01276
0.00381
0.01907
0.06664
0.12052
0.20647
0.28157
0.36967
0.46492
0.579
-0.03064
-0.01776
-0.01776
-0.01907
-0.01013
-0.01657
-0.01657
-0.01776
-0.01013
-0.01657
-0.01657
-0.02289
-0.01907
-0.01013
-0.01395
-0.01276
-0.02539
-0.01526
-0.01776
-0.01907
