300us, 100 coils, 2.5Vmotor

sample rate:  0.100000s
samples:      60
index:        0
-------------------
-0.01776
-0.01657
-0.01526
-0.01657
-0.01776
-0.01395
-0.01526
-0.01657
-0.02038
-0.02038
-0.01526
-0.01144
-0.01276
-0.01657
-0.01776
-0.01395
-0.02158
-0.01276
-0.01395
-0.01907
-0.01526
-0.01907
-0.01657
-0.02038
-0.01776
-0.01657
-0.01907
-0.02158
-0.01144
-0.02408
-0.01276
-0.00381
0.00763
0.03922
0.07844
0.13721
0.20754
0.28038
0.35429
-0.03552
-0.02539
-0.01776
-0.01907
-0.01776
-0.02038
-0.01526
-0.01776
-0.01657
-0.01657
-0.01776
-0.01526
-0.02038
-0.02158
-0.01276
-0.01013
-0.01526
-0.01144
-0.01776
-0.02408
-0.0267
