300us, 100 coils, 2.5Vmotor

sample rate:  0.100000s
samples:      60
index:        0
-------------------
-0.01395
-0.01907
-0.01144
-0.02408
-0.01395
-0.02158
-0.01395
-0.01657
-0.02539
-0.01657
-0.01657
-0.01907
-0.01144
-0.01395
-0.02158
-0.01395
-0.02038
-0.01144
-0.02038
-0.01776
-0.01776
-0.01657
-0.02038
-0.01013
-0.01395
-0.01907
-0.01776
-0.00632
0.02038
0.0546
0.10085
0.15497
0.2327
0.31924
0.39411
-0.0478
-0.01526
-0.01276
-0.02158
-0.00894
-0.01395
-0.02038
-0.01776
-0.01276
-0.01776
-0.01144
-0.02038
-0.01526
-0.01776
-0.01907
-0.01395
-0.01276
-0.02038
-0.02158
-0.01395
-0.01657
-0.02408
-0.01657
-0.00894
-0.02158
