300us, 100 coils, 2.5Vmotor

sample rate:  0.100000s
samples:      60
index:        0
-------------------
-0.0267
-0.01276
-0.01276
-0.01526
-0.01526
-0.01276
-0.01776
-0.01526
-0.01776
-0.01657
-0.02158
-0.02158
-0.01276
-0.01907
-0.02408
-0.01395
-0.01776
-0.01144
-0.01657
-0.01395
-0.01395
-0.02289
-0.01395
-0.01144
-0.01526
-0.01526
-0.01776
-0.00763
0.0025
0.00894
0.0335
0.05841
0.09465
0.13328
0.20051
0.27549
0.33748
-0.01526
-0.01907
-0.01395
-0.01526
-0.02038
-0.01526
-0.01657
-0.01526
-0.01776
-0.01526
-0.00763
-0.01526
-0.00894
-0.02038
-0.01013
-0.01907
-0.01526
-0.01395
-0.01776
-0.01776
-0.01526
-0.02038
-0.02038
