300us, 100 coils, 2.5Vmotor

sample rate:  0.100000s
samples:      60
index:        0
-------------------
-0.01526
-0.02158
-0.02038
-0.02038
-0.01144
-0.01657
-0.01907
-0.01776
-0.01395
-0.02038
-0.02158
-0.02038
-0.01776
-0.02289
-0.01776
-0.01526
-0.01657
-0.01144
-0.01907
-0.01276
-0.00894
-0.00513
0.02539
0.0546
0.12231
0.18704
0.2768
0.36967
0.46086
0.57185
0.67174
-0.01144
-0.01144
-0.02289
-0.01276
-0.01657
-0.01276
-0.01657
-0.02158
-0.01526
-0.02789
-0.01907
-0.01276
-0.02158
-0.01144
-0.01776
-0.01276
-0.01276
-0.01276
-0.01144
-0.01776
-0.01526
-0.01395
-0.01144
-0.01776
-0.02038
-0.02038
-0.01144
-0.02038
-0.01776
