300us, 100 coils, 2.5Vmotor

sample rate:  0.100000s
samples:      60
index:        0
-------------------
-0.01276
-0.01907
-0.01776
-0.01276
-0.01013
-0.01657
-0.01144
-0.01907
-0.01907
-0.01144
-0.01657
-0.01657
-0.01395
-0.01276
-0.02408
-0.02158
-0.02289
-0.01657
-0.01395
-0.02539
-0.01276
-0.01395
-0.01907
-0.0025
0.02289
0.07701
0.14007
0.21565
0.30208
0.40615
-0.02289
-0.01526
-0.01276
-0.01907
-0.01395
-0.01013
-0.01013
-0.01907
-0.01395
-0.01395
-0.00513
-0.01657
-0.01395
-0.01144
-0.02408
-0.01395
-0.01013
-0.01907
-0.01907
-0.00513
-0.01276
-0.01395
-0.01657
-0.01776
-0.01776
-0.02158
-0.01907
-0.02921
-0.04959
-0.01526
