300us, 100 coils, 2.5Vmotor

sample rate:  0.100000s
samples:      60
index:        0
-------------------
-0.01526
-0.02038
-0.02408
-0.01144
-0.01657
-0.01013
-0.01776
-0.01013
-0.01657
-0.01395
-0.01776
-0.01526
-0.01395
-0.01907
-0.01395
-0.01657
-0.01526
-0.02289
-0.01526
-0.01657
-0.01657
-0.02038
-0.01776
-0.01395
-0.01526
-0.01276
0.00513
0.02289
0.06247
0.12612
0.20242
0.28646
0.37742
0.48494
0.46659
-0.01395
-0.02038
-0.01526
-0.01776
-0.01776
-0.01276
-0.01776
-0.01776
-0.01144
-0.01776
-0.01657
-0.01144
-0.01907
-0.01907
-0.01526
-0.01776
-0.01526
-0.01657
-0.01526
-0.01657
-0.02408
-0.01657
-0.01657
-0.01907
-0.01526
