300us, 100 coils, 2.5Vmotor

sample rate:  0.100000s
samples:      60
index:        0
-------------------
-0.01657
-0.01907
-0.02289
-0.01013
-0.01776
-0.01013
-0.02038
-0.01395
-0.01907
-0.00894
-0.01526
0.00632
0.0422
0.07749
0.13816
0.2048
0.29278
0.22709
-0.01526
-0.01526
-0.02408
-0.02289
-0.00632
-0.02158
-0.01657
-0.01395
-0.01526
-0.01144
-0.01776
-0.01776
-0.01526
-0.01526
-0.01907
-0.01395
-0.01276
-0.01776
-0.02038
-0.01395
-0.01526
-0.00894
-0.01776
-0.01276
-0.02408
-0.01395
-0.01526
-0.01276
-0.02038
-0.01395
-0.01907
-0.01657
-0.02408
-0.00513
-0.01276
-0.00513
-0.01776
-0.01395
0.00632
-0.01144
-0.01907
-0.01657
