300us, 100 coils, 2.5Vmotor

sample rate:  0.100000s
samples:      60
index:        0
-------------------
-0.01144
-0.01657
-0.01657
-0.01526
-0.01276
-0.01526
-0.01144
-0.01526
-0.02038
-0.01526
-0.01276
-0.01657
-0.01526
-0.01657
-0.01776
-0.01144
-0.02038
-0.02038
-0.02289
-0.01144
-0.01526
-0.01144
-0.01657
-0.01526
-0.01526
-0.01395
-0.00894
-0.01144
0.00763
0.01776
0.0267
0.04697
0.06735
0.07844
0.12326
0.19133
0.26619
0.33796
0.20313
-0.01276
-0.02038
-0.01907
-0.01657
-0.01907
-0.0267
-0.00894
-0.01907
-0.01657
-0.01657
-0.01657
-0.01776
-0.01657
-0.02158
-0.01526
-0.00894
-0.01657
-0.01526
-0.02038
-0.01144
-0.02038
