150us, 100 coils, 2.5Vmotor

sample rate:  0.100000s
samples:      60
index:        0
-------------------
-0.01776
-0.01276
-0.01526
-0.01657
-0.01526
-0.01907
-0.02289
-0.01144
-0.01657
-0.01907
-0.01395
-0.01276
-0.01657
-0.01526
-0.01395
-0.01526
-0.01776
-0.01013
-0.01776
-0.01776
-0.01395
-0.01907
-0.01276
-0.01907
-0.01526
-0.01395
-0.0267
-0.02158
-0.01526
-0.02038
-0.01776
-0.02289
-0.01276
-0.01776
-0.02289
-0.01276
-0.01276
0.00131
0.0267
0.06425
0.12279
0.18561
0.27049
0.3581
0.45478
0.55993
0.6516
-0.01526
-0.01907
-0.01526
-0.02038
-0.01144
-0.01907
-0.01776
-0.01526
-0.01526
-0.02289
-0.02289
-0.02038
-0.01013
