150us, 100 coils, 2.5Vmotor

sample rate:  0.100000s
samples:      60
index:        0
-------------------
-0.01907
-0.02408
-0.02158
-0.01395
-0.01776
-0.01395
-0.01526
-0.01395
-0.01526
-0.0267
-0.01776
-0.01526
-0.00894
-0.02289
-0.00763
-0.01526
-0.01526
-0.01776
-0.01144
-0.02289
-0.01276
-0.01526
-0.01276
-0.01776
-0.01526
-0.01395
-0.01395
-0.01526
-0.01395
-0.01907
-0.01526
-0.01526
-0.02289
-0.01526
-0.02038
-0.01395
-0.01013
-0.00632
0.00894
0.05209
0.07224
0.13113
0.20862
0.28992
0.38362
0.48208
0.5753
0.67198
0.75889
-0.00131
-0.02539
-0.01657
-0.01526
-0.02408
-0.02038
-0.01657
-0.02408
-0.01526
-0.01907
-0.01013
