150us, 100 coils, 2.5Vmotor

sample rate:  0.100000s
samples:      60
index:        0
-------------------
-0.01776
-0.01776
-0.01776
-0.01776
-0.01526
-0.00763
-0.01526
-0.02038
-0.01907
-0.01526
-0.01013
-0.01907
-0.01907
-0.01776
-0.01526
-0.00381
-0.02038
-0.01657
-0.01657
-0.01907
-0.02158
-0.01276
-0.01013
-0.02038
-0.01657
-0.02038
-0.02158
-0.01657
-0.01144
-0.01907
-0.01526
-0.01776
-0.01907
-0.02038
-0.01276
-0.00894
-0.01776
-0.01395
-0.00381
0.01276
0.04578
0.09501
0.16022
0.24974
0.34487
0.44417
0.54085
0.64838
-0.03242
-0.01526
-0.01776
-0.01907
-0.01276
-0.01276
-0.01526
-0.01907
-0.01907
-0.01776
-0.01526
-0.02038
