400us, 100 coils, 2.5Vmotor

sample rate:  0.100000s
samples:      60
index:        0
-------------------
-0.01395
-0.01276
-0.01776
-0.00894
-0.01657
-0.02038
-0.01776
-0.02038
-0.02038
-0.01657
-0.01657
-0.02038
-0.01657
-0.01276
-0.01657
-0.01526
-0.01776
-0.01013
-0.01526
-0.01657
-0.01526
-0.02158
-0.01526
-0.01013
-0.01276
-0.01144
-0.01526
-0.01526
-0.01657
-0.02289
-0.01657
-0.01013
-0.01526
-0.01144
-0.01526
-0.01395
-0.01276
-0.00894
-0.01907
-0.00381
0.01395
0.04065
0.09191
0.14973
0.21839
0.28443
0.35954
0.46492
0.54848
-0.04959
-0.01776
-0.01144
-0.01657
-0.02289
-0.01776
-0.01657
-0.02289
-0.01276
-0.01526
-0.01907
