400us, 100 coils, 2.5Vmotor

sample rate:  0.100000s
samples:      60
index:        0
-------------------
-0.01526
-0.01657
-0.01144
-0.01526
-0.01526
-0.01013
-0.01395
-0.01907
-0.01907
-0.02408
-0.01776
-0.01657
-0.01395
-0.01526
-0.02038
-0.01657
-0.00381
0.00894
0.03576
0.05972
0.08416
0.13781
0.20754
0.27597
0.34285
-0.04792
-0.02038
-0.01776
-0.01144
-0.01144
-0.01395
-0.01276
-0.01526
-0.01907
-0.01657
-0.02158
-0.01907
-0.01657
-0.01657
-0.02539
-0.01276
-0.01776
-0.01907
-0.01776
-0.01144
-0.01657
-0.01657
-0.02408
-0.01395
-0.01395
-0.01526
-0.02038
-0.02158
-0.01526
-0.01657
-0.01907
-0.01776
-0.01526
-0.00894
-0.01013
