400us, 100 coils, 2.5Vmotor, new charge

sample rate:  0.100000s
samples:      60
index:        0
-------------------
-0.01144
-0.01776
-0.01526
-0.01776
-0.01526
-0.01657
-0.01776
-0.01526
-0.01395
-0.01776
-0.01776
-0.01526
-0.02038
-0.01907
-0.01144
-0.01526
-0.02408
-0.01657
-0.01776
-0.01526
-0.01657
-0.01657
-0.01657
-0.01526
-0.01526
-0.01144
-0.01776
-0.02038
-0.01776
-0.01657
-0.02038
-0.01395
-0.01276
-0.02158
-0.01395
-0.01276
-0.01526
-0.00381
0.01395
0.04447
0.07761
0.13137
0.20456
0.27931
0.36585
0.44286
0.52512
0.59199
0.66042
0.66376
0.64075
0.62871
0.69487
0.74935
-0.01144
-0.02038
-0.02289
-0.01144
-0.01907
-0.01395
