400us, 100 coils, 2.5Vmotor

sample rate:  0.100000s
samples:      60
index:        0
-------------------
-0.01144
-0.01907
-0.01276
-0.00894
-0.01395
-0.01907
-0.01395
-0.01907
-0.01776
-0.01395
-0.01144
-0.01395
-0.01657
-0.01657
-0.01013
-0.01907
-0.00894
-0.01776
-0.02289
-0.01526
-0.01395
-0.01395
-0.00763
0.00632
0.02921
0.05722
0.10216
0.16689
0.23782
0.31495
0.39172
0.48161
0.56577
0.64468
-0.02408
-0.02289
-0.01395
-0.01395
-0.01526
-0.01907
-0.01907
-0.01776
-0.02408
-0.01395
-0.01013
-0.01907
-0.01657
-0.01526
-0.01657
-0.01657
-0.01657
-0.01144
-0.01276
-0.01276
-0.01013
-0.01276
-0.01776
-0.01907
-0.01276
-0.01657
