400us, 100 coils, 2.5Vmotor

sample rate:  0.100000s
samples:      60
index:        0
-------------------
-0.01657
-0.02038
-0.01276
-0.01657
-0.01907
-0.01395
-0.02038
-0.01395
-0.01395
-0.01395
-0.02289
-0.01276
-0.02408
-0.01907
-0.02038
-0.01526
-0.02289
-0.01144
-0.00381
0.01395
0.02789
0.06104
0.10216
0.15914
0.22078
0.28169
0.35048
0.41425
-0.02158
-0.01657
-0.01526
-0.02289
-0.01013
-0.01776
-0.01657
-0.01776
-0.01276
-0.02038
-0.01776
-0.01907
-0.01276
-0.01276
-0.02038
-0.01276
-0.01657
-0.01013
-0.01776
-0.02158
-0.01395
-0.01907
-0.01395
-0.01144
-0.02158
-0.01013
-0.01907
-0.01526
-0.01276
-0.02289
-0.01144
-0.02038
