400us, 100 coils, 2.5Vmotor

sample rate:  0.100000s
samples:      60
index:        0
-------------------
-0.01144
-0.01395
-0.01526
-0.01907
-0.00894
-0.01276
-0.01776
-0.01657
-0.01907
-0.01776
-0.01276
-0.01526
-0.01657
-0.02158
-0.01907
-0.01276
-0.01013
-0.01657
-0.01395
-0.01526
-0.01144
-0.01776
-0.01657
-0.01776
-0.01657
-0.01395
-0.01395
-0.01776
-0.01776
-0.01526
-0.01013
-0.01395
0.01013
0.04017
0.08214
0.14186
0.1967
0.27299
0.36335
0.45586
0.53203
-0.03099
-0.00632
-0.02289
-0.01657
-0.02038
-0.01776
-0.01907
-0.01276
-0.01395
-0.01395
-0.01776
-0.02289
-0.01907
-0.01776
-0.01526
-0.01657
-0.01657
-0.01144
-0.01657
