400us, 100 coils, 2.5Vmotor

sample rate:  0.100000s
samples:      60
index:        0
-------------------
-0.01395
-0.01776
-0.01907
-0.00894
-0.01907
-0.01144
-0.01276
-0.01907
-0.02289
-0.02158
-0.02038
-0.01526
-0.01395
-0.02158
-0.02038
-0.01526
-0.01276
-0.01276
-0.01276
-0.01526
-0.02289
-0.01276
-0.01276
-0.01276
-0.01276
-0.01657
-0.02408
-0.01276
-0.01776
-0.01144
-0.02038
-0.01013
-0.01776
-0.00513
0.00894
0.04339
0.08953
0.15533
0.20802
0.29659
0.38242
0.45907
0.55993
-0.01395
-0.01776
-0.01526
-0.01526
-0.01395
-0.02038
-0.02158
-0.01907
-0.01276
-0.01276
-0.01657
-0.02038
-0.01526
-0.01144
-0.01395
-0.01526
-0.02289
