400us, 100 coils, 2.5Vmotor, new charge

sample rate:  0.100000s
samples:      60
index:        0
-------------------
-0.01276
-0.01395
-0.02038
-0.01526
-0.01776
-0.02289
-0.01776
-0.01526
-0.01526
-0.01276
-0.01526
-0.01657
-0.01144
-0.01276
-0.01276
-0.01526
-0.01013
-0.01776
-0.01526
-0.01526
-0.01776
-0.01776
-0.01657
-0.01395
-0.01276
-0.01657
-0.01776
-0.01276
-0.01395
-0.01276
-0.01907
-0.01144
-0.01144
-0.01776
-0.01657
-0.01907
-0.02038
-0.01907
-0.01657
0.0
0.01144
0.05841
0.10812
0.16677
0.25427
0.35703
0.46253
0.55814
0.66626
-0.01907
-0.01276
-0.01776
-0.01276
-0.01657
-0.01907
-0.02289
-0.01907
-0.01776
-0.02038
-0.01776
