400us, 100 coils, 2.5Vmotor

sample rate:  0.100000s
samples:      60
index:        0
-------------------
-0.01276
-0.02289
-0.01526
-0.02158
-0.01395
-0.01395
-0.01657
-0.02158
-0.01395
-0.01907
-0.01657
-0.01907
-0.01276
-0.01657
-0.01276
-0.02289
-0.0267
-0.01657
-0.01657
-0.01395
-0.01526
-0.01526
-0.01907
-0.01395
-0.02038
-0.01144
-0.02158
-0.01907
-0.01526
-0.01907
-0.01776
-0.01907
-0.02038
-0.01144
0.00763
0.03588
0.07451
0.13626
0.19026
0.27525
0.35393
0.44918
0.5461
0.62072
-0.02289
-0.01776
-0.02038
-0.00894
-0.01657
-0.01907
-0.01776
-0.01776
-0.01907
-0.01013
-0.01657
-0.01776
-0.02158
-0.01776
-0.02158
-0.01276
