400us, 100 coils, 2.5Vmotor, new charge

sample rate:  0.100000s
samples:      60
index:        0
-------------------
-0.01657
-0.01395
-0.02038
-0.01657
-0.02038
-0.01776
-0.01276
-0.02158
-0.02289
-0.01395
-0.02038
-0.01657
-0.02158
-0.01657
-0.01395
-0.01276
-0.01776
-0.01657
-0.01776
-0.01013
-0.01276
-0.01657
-0.01907
-0.01907
-0.01907
-0.02158
-0.01526
-0.01907
-0.01907
-0.01526
-0.01526
-0.00632
-0.0025
0.01776
0.04959
0.0999
0.16725
0.23234
0.3165
0.40245
0.46754
0.56756
0.62501
0.71967
0.0
-0.01907
-0.01657
-0.01776
-0.01276
-0.01144
-0.01526
-0.01657
-0.02289
-0.01395
-0.01276
-0.01526
-0.02408
-0.01657
-0.01276
-0.02158
