400us, 100 coils, 2.5Vmotor

sample rate:  0.100000s
samples:      60
index:        0
-------------------
-0.01144
-0.02038
-0.02038
-0.01657
-0.01144
-0.01657
-0.01657
-0.02408
-0.01907
-0.02408
-0.01907
-0.00894
-0.01276
-0.01526
-0.00763
-0.0025
-0.00131
0.00131
0.01013
0.03207
0.05722
0.10943
0.15891
0.22376
0.30172
0.37289
-0.0459
-0.01776
-0.02158
-0.01657
-0.01526
-0.01907
-0.01907
-0.01657
-0.02038
-0.01657
-0.01657
-0.02038
-0.01013
-0.01395
-0.01526
-0.01526
-0.01776
-0.01776
-0.00894
-0.02038
-0.02289
-0.01013
-0.01776
-0.01907
-0.01526
-0.01395
-0.01276
-0.01526
-0.01395
-0.02038
-0.02408
-0.0267
-0.02158
-0.01144
