300us, 100 coils, 2.5Vmotor

sample rate:  0.100000s
samples:      60
index:        0
-------------------
-0.02289
-0.02038
-0.01526
-0.01776
-0.02038
-0.02158
-0.01657
-0.01776
-0.01907
-0.01657
-0.01526
-0.02158
-0.02038
-0.01776
-0.01526
-0.01776
-0.01657
-0.02038
-0.01526
-0.01657
-0.01276
-0.01013
-0.02038
-0.01657
-0.01276
-0.01013
-0.00894
0.01013
0.0484
0.08941
0.15306
0.23711
0.31698
0.41115
0.50628
0.61941
0.02038
-0.02158
-0.01526
-0.01276
-0.01657
-0.01144
-0.01776
-0.01657
-0.01657
-0.0267
-0.01907
-0.01395
-0.01657
-0.01907
-0.01395
-0.01526
-0.00894
-0.01526
-0.01526
-0.01013
-0.01144
-0.01144
-0.01907
-0.01144
