300us, 100 coils, 2.5Vmotor

sample rate:  0.100000s
samples:      60
index:        0
-------------------
-0.01395
-0.01907
-0.01776
-0.01395
-0.02158
-0.02038
-0.01526
-0.01526
-0.01526
-0.02038
-0.01526
-0.01907
-0.01907
-0.01013
-0.01907
-0.01526
-0.0267
-0.02038
-0.01776
-0.01907
-0.01657
-0.00513
0.01395
0.04578
0.09525
0.16129
0.24962
0.31829
0.39458
-0.02539
-0.01395
-0.01395
-0.02038
-0.01776
-0.01657
-0.01657
-0.01276
-0.01907
-0.02408
-0.01395
-0.01657
-0.02289
-0.01657
-0.01657
-0.01276
-0.01907
-0.00894
-0.02158
-0.01276
-0.01657
-0.01657
-0.01526
-0.01276
-0.01776
-0.01526
-0.01526
-0.02038
-0.01776
-0.01907
-0.01526
