300us, 100 coils, 2.5Vmotor

sample rate:  0.100000s
samples:      60
index:        0
-------------------
-0.01526
-0.01276
-0.01276
-0.02289
-0.01657
-0.01776
-0.01276
-0.02158
-0.01776
-0.01526
-0.01526
-0.01907
-0.02038
-0.01276
-0.01144
-0.01776
-0.01144
-0.01526
-0.01907
-0.02289
-0.01776
-0.01657
-0.01276
-0.01526
-0.01657
-0.01907
-0.01526
-0.01276
0.0
0.04506
0.08607
0.1663
0.24402
0.34142
0.42808
0.52452
0.62072
-0.01776
-0.02038
-0.02158
-0.02289
-0.01395
-0.01776
-0.01657
-0.02408
-0.00894
-0.02158
-0.01144
-0.01144
-0.02158
-0.01657
-0.01395
-0.01907
-0.01526
-0.01657
-0.02038
-0.01144
-0.01276
-0.01907
-0.02408
