300us, 100 coils, 2.5Vmotor

sample rate:  0.100000s
samples:      60
index:        0
-------------------
-0.01526
-0.02158
-0.01395
-0.01657
-0.01657
-0.02289
-0.01526
-0.02038
-0.01657
-0.01144
-0.01907
-0.01276
-0.01395
-0.02289
-0.01276
-0.01276
-0.02038
-0.01776
-0.01013
-0.01657
-0.02289
-0.02289
-0.01657
-0.02158
-0.00894
-0.01395
-0.02038
-0.01276
-0.01526
-0.01013
-0.01013
-0.00894
0.01276
0.0298
0.09215
0.15986
0.24831
0.32234
0.4251
0.52404
0.62835
-0.01776
-0.01276
-0.02539
-0.01657
-0.01776
-0.01657
-0.02038
-0.01276
-0.01395
-0.01526
-0.01776
-0.01395
-0.01526
-0.01776
-0.00632
-0.01276
-0.02158
-0.01276
-0.01395
