300us, 100 coils, 2.5Vmotor

sample rate:  0.100000s
samples:      60
index:        0
-------------------
-0.01013
-0.01276
-0.01657
-0.01657
-0.01657
-0.01395
-0.01776
-0.01144
-0.01144
-0.01526
-0.01907
-0.01276
-0.01907
-0.01776
-0.02038
-0.01776
-0.01526
-0.01776
-0.02408
-0.01526
-0.01144
-0.01776
-0.00894
-0.01776
-0.01144
-0.01776
-0.01276
-0.01144
0.0
0.0
0.01144
0.03302
0.0546
0.08702
0.13137
0.19515
0.25201
0.20027
-0.01276
-0.01776
-0.01144
-0.01657
-0.02408
-0.01657
-0.02038
-0.01657
-0.01907
-0.02289
-0.01907
-0.01907
-0.01657
-0.01657
-0.00894
-0.01907
-0.01657
-0.00763
-0.01657
-0.01776
-0.01907
-0.02038
