300us, 100 coils, 2.5Vmotor

sample rate:  0.100000s
samples:      60
index:        0
-------------------
-0.01776
-0.02038
-0.02158
-0.01526
-0.01526
-0.01907
-0.02408
-0.01395
-0.01395
-0.01657
-0.01526
-0.02289
-0.01144
-0.01526
-0.01276
-0.01907
-0.01657
-0.01657
-0.02038
-0.01144
-0.01526
-0.01395
-0.01276
-0.01776
-0.01907
-0.01395
-0.00513
0.01526
0.04447
0.11182
0.18072
0.26107
0.35322
0.4257
0.52583
0.60856
-0.06831
-0.01144
-0.01776
-0.01526
-0.01013
-0.01526
-0.01907
-0.02038
-0.01657
-0.01657
-0.02158
-0.01395
-0.01657
-0.01776
-0.01657
-0.01526
-0.01776
-0.01395
-0.00894
-0.01657
-0.02038
-0.01144
-0.01144
-0.01907
