300us, 100 coils, 2.5Vmotor

sample rate:  0.100000s
samples:      60
index:        0
-------------------
-0.01526
-0.01657
-0.01907
-0.00894
-0.01144
-0.02289
-0.01395
-0.01526
-0.01526
-0.01526
-0.01144
-0.01395
-0.01657
-0.01526
-0.01395
-0.01526
-0.01526
-0.01657
-0.01776
-0.01657
-0.02038
-0.01395
-0.01657
-0.01526
-0.01144
-0.01013
0.00894
0.03922
0.08428
0.15509
0.23091
0.31161
0.40007
0.50509
-0.01657
-0.01395
-0.02038
-0.01526
-0.01144
-0.01395
-0.01144
-0.01276
-0.01657
-0.01395
-0.01657
-0.01776
-0.01526
-0.01776
-0.01776
-0.01657
-0.01526
-0.01276
-0.01395
-0.01657
-0.01907
-0.02539
-0.01276
-0.01776
-0.01276
-0.01013
