250us, 125 coils, 2.5Vmotor

sample rate:  0.100000s
samples:      60
index:        0
-------------------
-0.00763
-0.02038
-0.01276
-0.01657
-0.02038
-0.01395
-0.01907
-0.01907
-0.01395
-0.01526
-0.01907
-0.01657
-0.01776
-0.01776
-0.01395
-0.01395
-0.01657
-0.01395
-0.01395
-0.01657
-0.01276
-0.01526
-0.02289
-0.02158
-0.01526
-0.01276
-0.01526
-0.01907
-0.01526
-0.01526
-0.01276
-0.01907
-0.01395
-0.01144
-0.01144
-0.00763
0.0025
0.02289
0.05972
0.10443
0.17393
0.25237
0.33605
0.41902
0.49698
-0.1123
0.04315
-0.04447
0.0025
-0.0267
-0.01144
-0.02158
-0.01144
-0.01276
-0.01526
-0.01276
-0.0267
-0.01526
-0.01395
-0.01526
