250us, 125 coils, 2.5Vmotor

sample rate:  0.100000s
samples:      60
index:        0
-------------------
-0.01276
-0.02038
-0.01657
-0.01276
-0.01526
-0.02289
-0.02789
-0.01144
-0.01657
-0.01276
-0.01013
-0.01907
-0.01776
-0.01776
-0.01395
-0.01013
-0.01013
-0.01144
-0.02038
-0.01395
-0.01395
-0.00763
-0.00894
-0.02038
-0.01276
-0.00894
-0.01144
-0.02158
-0.01526
-0.01144
-0.01276
-0.01526
-0.01144
-0.00894
0.00131
0.01144
0.03791
0.08702
0.15318
0.23949
0.32151
0.39387
0.49353
-0.06211
0.01907
-0.03815
0.00513
-0.01776
-0.01144
-0.01776
-0.01276
-0.01657
-0.01144
-0.00894
-0.02038
-0.01526
-0.01776
-0.01144
-0.01907
-0.01395
