250us, 125 coils, 2.5Vmotor

sample rate:  0.100000s
samples:      60
index:        0
-------------------
-0.01395
-0.01526
-0.01395
-0.00632
-0.01907
-0.01144
-0.01013
-0.02038
-0.01526
-0.02038
-0.00894
-0.01776
-0.01526
-0.01526
-0.01526
-0.02289
-0.00894
-0.01657
-0.01526
-0.01526
-0.01144
-0.01657
-0.01907
-0.02158
-0.01013
-0.01657
-0.01907
-0.00763
-0.01657
-0.01907
-0.01526
-0.00894
0.0025
-0.00763
0.01013
0.02289
0.02968
0.06735
0.1334
0.20659
0.27204
0.35143
0.4251
0.50163
-0.00763
-0.0267
-0.01013
-0.01907
-0.01013
-0.01144
-0.01395
-0.01907
-0.01013
-0.01144
-0.01395
-0.00894
-0.01276
-0.01776
-0.01526
-0.01657
