250us, 125 coils, 2.5Vmotor

sample rate:  0.100000s
samples:      60
index:        0
-------------------
-0.00894
-0.00894
-0.01657
-0.01776
-0.01657
-0.01395
-0.01276
-0.01907
-0.00632
-0.01776
-0.01395
-0.01013
-0.01276
-0.00894
-0.01395
-0.01144
-0.01276
-0.01776
-0.01144
-0.01395
-0.01526
-0.01907
-0.00381
-0.01526
-0.01657
-0.01907
-0.01776
-0.01776
-0.01395
-0.01776
-0.01144
-0.01144
-0.00894
-0.00894
0.0
0.00513
0.00894
0.03242
0.08357
0.12732
0.20504
0.28992
0.36716
0.45717
-0.01526
-0.01144
-0.01144
-0.01657
-0.00381
-0.02038
-0.01776
-0.02289
-0.00763
-0.01144
-0.01013
-0.01657
-0.01907
-0.01013
-0.01776
-0.01657
