250us, 125 coils, 2.5Vmotor

sample rate:  0.100000s
samples:      60
index:        0
-------------------
-0.01276
-0.01013
-0.01657
-0.02158
-0.01013
-0.01657
-0.01907
-0.01526
-0.01526
-0.02038
-0.01144
-0.01276
-0.01395
-0.01395
-0.01907
-0.01526
-0.01276
-0.01144
-0.01395
-0.02158
-0.01013
-0.01526
-0.01776
-0.01395
-0.01526
-0.01395
-0.01907
-0.01657
-0.00894
-0.01013
-0.01657
-0.01526
-0.00763
-0.00763
-0.01144
-0.00131
0.01395
0.0335
0.08082
0.14341
0.22721
0.3047
0.39244
0.4766
-0.04828
-0.00381
-0.02539
-0.01395
-0.02539
-0.01907
-0.01907
-0.01657
-0.01395
-0.01907
-0.01144
-0.00763
-0.01907
-0.01526
-0.01144
-0.01526
