250us, 125 coils, 2.5Vmotor

sample rate:  0.100000s
samples:      60
index:        0
-------------------
-0.01013
-0.01657
-0.00894
-0.01657
-0.01776
-0.01657
-0.01657
-0.01907
-0.01776
-0.01395
-0.01395
-0.01144
-0.01657
-0.01526
-0.01013
-0.01276
-0.00894
-0.00763
-0.01657
-0.01526
-0.01526
-0.02289
-0.01907
-0.01276
-0.02038
-0.01776
-0.01657
-0.01144
-0.01144
-0.01276
-0.01657
-0.02038
-0.01657
-0.01013
-0.01013
-0.00894
-0.0025
0.01395
0.02038
0.06056
0.12088
0.18883
0.27001
0.35524
0.44775
0.52738
0.05257
-0.04447
0.00632
-0.02038
-0.00894
-0.00763
-0.01276
-0.01657
-0.00381
-0.01276
-0.00513
-0.01907
-0.01657
-0.01776
