250us, 125 coils, 2.5Vmotor

sample rate:  0.100000s
samples:      60
index:        0
-------------------
-0.01276
-0.01526
-0.01395
-0.02158
-0.01776
-0.02038
-0.01276
-0.01526
-0.01395
-0.01395
-0.01144
-0.01395
-0.01776
-0.00381
-0.02038
-0.01144
-0.01526
-0.01657
-0.01395
-0.01395
-0.01657
-0.01276
-0.01526
-0.01395
-0.01526
-0.01526
-0.00894
-0.01276
-0.01526
-0.01013
-0.01526
-0.00632
-0.00381
0.0025
0.02038
0.03934
0.07832
0.14043
0.21219
0.29826
0.37789
0.46241
-0.01729
0.00763
-0.02158
-0.01144
-0.00894
-0.01395
-0.01526
-0.02158
-0.02038
-0.01144
-0.01776
-0.01526
-0.01526
-0.01526
-0.01144
-0.01395
-0.01907
-0.01526
