250us, 125 coils, 2.5Vmotor

sample rate:  0.100000s
samples:      60
index:        0
-------------------
-0.01657
-0.01144
-0.01276
-0.01907
-0.01395
-0.01013
-0.02038
-0.01526
-0.01013
-0.01526
-0.01395
-0.01657
-0.01907
-0.01276
-0.01526
-0.01276
-0.01776
-0.01013
-0.01144
-0.01657
-0.01144
-0.01776
-0.01144
-0.01657
-0.01657
-0.01657
-0.01776
-0.00894
-0.01395
-0.01144
0.0025
-0.00381
-0.0025
0.01395
0.05078
0.10526
0.16785
0.2507
0.33855
0.42355
0.51558
0.03302
-0.04053
0.00894
-0.02789
-0.00513
-0.01907
-0.00632
-0.02038
-0.01395
-0.00632
-0.01395
-0.01395
-0.01395
-0.01526
-0.01776
-0.01276
-0.01907
-0.01776
-0.02289
