250us, 125 coils, 2.5Vmotor

sample rate:  0.100000s
samples:      60
index:        0
-------------------
-0.01395
-0.01013
-0.02158
-0.02038
-0.01776
-0.02408
-0.02289
-0.01395
-0.01276
-0.00632
-0.01395
-0.01144
-0.01013
-0.01276
-0.01907
-0.01657
-0.01657
-0.01657
-0.01395
-0.00763
-0.01526
-0.01907
-0.00513
-0.00381
-0.01657
-0.01907
-0.00894
-0.01657
-0.01276
-0.01013
-0.00894
-0.01144
-0.01013
-0.00632
-0.01526
-0.00513
-0.0025
0.01276
0.03338
0.08094
0.13781
0.21243
0.27931
0.36478
0.44489
0.52011
0.05591
-0.05341
0.00381
-0.02789
-0.00513
-0.02158
-0.01526
-0.02038
-0.01144
-0.01776
-0.01776
-0.02158
-0.01144
-0.02158
