250us, 125 coils, 2.5Vmotor

sample rate:  0.100000s
samples:      60
index:        0
-------------------
-0.02038
-0.01276
-0.01776
-0.01144
-0.01144
-0.02289
-0.01276
-0.01013
-0.01144
-0.01526
-0.00632
-0.01144
-0.00632
-0.01776
-0.01395
-0.01526
-0.01776
-0.01395
-0.01657
-0.02038
-0.01144
-0.01276
-0.01657
-0.01395
-0.01526
-0.01776
-0.01776
-0.01013
-0.00894
-0.01526
-0.01657
-0.01657
-0.00894
-0.00513
0.01144
0.0267
0.0695
0.1142
0.17107
0.24152
0.3165
0.40781
0.4586
0.19002
-0.08142
0.02289
-0.02968
0.00131
-0.02158
-0.00894
-0.01276
-0.01526
-0.01395
-0.01526
-0.00763
-0.01526
-0.01395
-0.01657
-0.01526
-0.01776
