500us, 175 coils, 2.5Vmotor

sample rate:  0.100000s
samples:      60
index:        0
-------------------
-0.01395
-0.02038
-0.01907
-0.01657
-0.02289
-0.02038
-0.02289
-0.01395
-0.00763
-0.01144
0.02408
0.06604
0.12207
0.17536
0.25105
0.33569
0.43988
0.52154
0.62454
0.72634
-0.08416
-0.02158
-0.02408
-0.01526
-0.02038
-0.01395
-0.01395
-0.01907
-0.02038
-0.01776
-0.01657
-0.01276
-0.01144
-0.02038
-0.01526
-0.01526
-0.01776
-0.01657
-0.02158
-0.02289
-0.01526
-0.01395
-0.02158
-0.01657
-0.01276
-0.01395
-0.01776
-0.01276
-0.01776
-0.01776
-0.01013
-0.01776
-0.01776
-0.01276
-0.01144
-0.01907
-0.01526
-0.02038
-0.01395
-0.01907
