500us, 175 coils, 2.5Vmotor

sample rate:  0.100000s
samples:      60
index:        0
-------------------
-0.02038
-0.01907
-0.0267
-0.01907
-0.01776
-0.01657
-0.02408
-0.01657
-0.01907
-0.01776
-0.01657
-0.01907
-0.02158
-0.01776
-0.01276
-0.00763
0.00513
0.03767
0.08547
0.14305
0.22078
0.30589
0.3978
0.49102
0.58949
0.68414
0.77271
0.87643
0.9129
0.98348
1.08027
-0.04792
-487.25986
-482.11396
-479.83527
-483.43515
-483.40535
-483.85036
-483.98066
-484.04753
-484.074
-484.09927
-484.11942
-484.14075
-484.15411
-484.18677
-484.20095
-484.20906
-484.22408
-484.23624
-484.23445
-484.25782
-484.25221
-484.25782
-484.27069
-484.28857
-484.3024
-484.30514
-484.31659
-484.32398
