500us, 175 coils, 2.5Vmotor

sample rate:  0.100000s
samples:      60
index:        0
-------------------
-0.01395
-0.01526
-0.01776
-0.02408
-0.01276
-0.01276
-0.02408
-0.02038
-0.01657
-0.02289
-0.01395
-0.01395
-0.01907
-0.01907
-0.01907
-0.01526
-0.02289
-0.01526
-0.01657
-0.01276
-0.01526
-0.01907
-0.01776
-0.01907
-0.01657
-0.01526
-0.00513
0.01144
0.03779
0.06855
0.11432
0.17774
0.25952
0.3289
0.42462
0.50926
0.60296
0.71537
-0.03457
-0.02038
-0.02158
-0.02539
-0.01526
-0.01907
-0.01657
-0.01013
-0.01526
-0.01144
-0.01776
-0.02289
-0.02289
-0.02158
-0.01907
-0.01526
-0.01907
-0.02038
-0.01657
-0.01657
-0.02158
-0.01907
