500us, 175 coils, 2.5Vmotor

sample rate:  0.100000s
samples:      60
index:        0
-------------------
-0.01526
-0.02158
-0.01657
-0.02289
-0.00894
-0.02038
-0.01657
-0.01776
-0.01657
-0.01395
-0.02289
-0.01657
-0.01657
-0.02158
-0.01657
-0.01395
-0.02038
-0.02038
-0.01657
-0.02158
-0.02038
-0.01776
-0.01276
-0.01144
-0.01144
-0.01657
-0.02408
-0.02038
-0.01395
-0.02408
-0.02038
-0.01526
-0.01526
-0.01144
0.01907
0.04959
0.10228
0.16582
0.24474
0.33665
0.44858
0.54669
0.65172
0.75066
-0.02158
-0.01526
-0.01395
-0.01395
-0.02038
-0.01526
-0.01657
-0.01395
-0.01526
-0.01907
-0.02158
-0.02408
-0.01776
-0.01776
-0.01657
-0.02158
