500us, 175 coils, 2.5Vmotor

sample rate:  0.100000s
samples:      60
index:        0
-------------------
-0.01395
-0.02289
-0.01526
-0.02158
-0.01657
-0.02158
-0.02789
-0.01657
-0.01526
-0.02038
-0.01776
-0.01907
-0.00763
-0.01526
-0.02539
-0.02289
-0.01776
-0.01776
-0.01395
-0.01907
-0.02158
-0.01395
-0.01776
-0.01276
-0.01657
-0.01013
-0.00763
0.01276
0.0391
0.09501
0.15068
0.21803
0.29552
0.39315
0.48876
0.57769
0.66602
0.75877
0.84209
0.92149
0.93722
1.0339
1.11616
-0.01562
-0.01657
-0.02289
-0.01395
-0.01776
-0.01395
-0.01776
-0.01276
-0.01776
-0.01395
-0.01395
-0.0267
-0.0267
-0.02038
-0.01526
-0.02408
-0.01657
