500us, 175 coils, 2.5Vmotor

sample rate:  0.100000s
samples:      60
index:        0
-------------------
-0.0025
-0.00632
-0.00513
-0.01013
-0.00763
-0.02158
-0.01395
-0.01526
-0.01013
-0.01907
-0.01657
-0.01395
-0.01657
-0.01013
-0.01276
-0.01395
-0.01276
-0.02038
-0.02539
-0.01013
-0.01526
-0.01276
-0.01276
-0.01907
-0.01526
-0.02038
-0.01395
-0.01526
-0.02038
-0.01144
-0.01144
-0.02408
-0.01276
-0.01526
-0.00894
-0.00632
0.01276
0.06354
0.10455
0.18585
0.25642
0.3438
0.43809
0.53716
0.63121
0.723
-0.01144
-0.01395
-0.0267
-0.01907
-0.01776
-0.09
-0.01526
-0.01776
-0.01657
-491.56713
-491.77384
-492.03062
-492.17439
-492.2756
