500us, 175 coils, 2.5Vmotor

sample rate:  0.100000s
samples:      60
index:        0
-------------------
0.35679
0.35048
0.35381
0.35381
0.35429
0.35679
0.35632
0.35501
0.34916
0.35381
0.35298
0.34916
0.35429
0.36108
0.35429
0.35179
0.35632
0.3581
0.35298
0.36204
0.38481
0.43082
0.49913
0.59283
0.69392
0.78893
0.88048
0.78034
0.31745
0.32938
0.34344
0.34523
0.35179
0.35679
0.3581
0.35632
0.36192
0.35048
0.35763
0.35548
0.35763
0.3525
0.35548
0.35048
0.35763
0.3525
0.35298
0.35548
0.35381
0.36013
0.35131
0.3525
0.3525
0.3525
0.35
0.34487
0.35238
0.35501
0.35191
0.35298
