500us, 175 coils, 2.5Vmotor

sample rate:  0.100000s
samples:      60
index:        0
-------------------
-0.01276
-0.01776
-0.01907
-0.01776
-0.01776
-0.02038
-0.00894
-0.01657
-0.01276
-0.01276
-0.01907
-0.00763
-0.00894
-0.01526
-0.01395
-0.01526
-0.01276
-0.01395
-0.01276
-0.01526
-0.01907
0.0025
0.03481
0.08941
0.15116
0.2445
0.33724
0.42188
0.51117
0.61321
0.38052
0.19622
-0.01776
-0.02694
-0.0025
-0.01657
-0.01657
-0.00894
-0.01276
-0.01657
-0.01144
-0.01144
-0.01776
-0.01657
-0.01907
-0.01276
-0.01276
-0.02158
-0.01144
-0.01395
-0.01657
-0.01395
-0.01395
-0.01526
-0.01907
-0.01907
-0.01395
-0.01395
-0.02038
-0.02158
