500us, 175 coils, 2.5Vmotor

sample rate:  0.100000s
samples:      60
index:        0
-------------------
-0.01144
-0.01657
-0.01144
-0.01657
-0.01657
-0.01395
-0.01276
-0.01013
-0.01657
-0.01776
-0.01526
-0.01395
-0.01395
-0.01657
-0.02158
-0.01526
-0.01276
-0.01657
-0.01526
-0.02158
-0.01776
-0.01395
-0.01395
-0.01657
-0.01395
-0.01276
-0.01395
-0.01395
-0.01013
-0.01907
-0.01657
-0.01907
-0.01144
-0.01526
-0.01144
-0.0025
0.01276
0.06831
0.15116
0.24819
0.35179
0.45729
0.57006
0.68724
0.80371
0.11706
-0.0267
0.00513
-0.02038
-0.00894
-0.01776
-0.01395
-0.01907
-0.01907
-0.01657
-0.01276
-0.02289
-0.01776
-0.01776
-0.01276
