500us, 175 coils, 2.5Vmotor, unsanded

sample rate:  0.100000s
samples:      60
index:        0
-------------------
-0.01776
-0.01526
-0.01526
-0.01657
-0.01657
-0.01776
-0.01276
-0.01657
-0.01144
-0.01395
-0.01395
-0.02158
-0.01276
-0.01276
-0.01776
-0.02038
-0.00632
-0.01144
-0.02289
-0.02038
-0.01013
-0.00632
-0.01526
-0.01144
-0.02038
-0.02158
-0.01395
-0.01526
-0.01395
-0.00381
0.00513
0.04399
0.08035
0.139
0.19383
0.26786
0.34297
0.43094
0.51391
0.58663
-0.01526
-0.02289
-0.01907
-0.01526
-0.01776
-0.02158
-0.01395
-0.02158
-0.01776
-0.01657
-0.01776
-0.02038
-0.01526
-0.01144
-0.02038
-0.01276
-0.01526
-0.01526
-0.01776
-0.01776
