500us, 175 coils, 2.5Vmotor

sample rate:  0.100000s
samples:      60
index:        0
-------------------
-0.01657
-0.01776
-0.01526
-0.01276
-0.01657
-0.01144
-0.01776
-0.01276
-0.02289
-0.01526
-0.01144
-0.01526
-0.01526
-0.01276
-0.00632
0.02158
0.0546
0.09453
0.14675
0.22471
0.31495
0.40996
0.49531
0.59712
0.69046
0.78988
0.01526
-0.01395
-0.01395
-0.01526
-0.01657
-0.01907
-0.02038
-0.01276
-0.01395
-0.01276
-0.01907
-0.01657
-0.02158
-0.01395
-0.01657
-0.01776
-0.01395
-0.02158
-0.01907
-0.01907
-0.01395
-0.01907
-0.01144
-0.01907
-0.01144
-0.01776
-0.01526
-0.01276
-0.01907
-0.02539
-0.01526
-0.01526
-0.02408
-0.02289
