500us, 175 coils, 2.5Vmotor

sample rate:  0.100000s
samples:      60
index:        0
-------------------
0.3705
0.36287
0.36216
0.36407
0.36287
0.36025
0.3711
0.36681
0.36049
0.37169
0.36049
0.3655
0.36919
0.37825
0.36287
0.3705
0.36287
0.36812
0.36287
0.36931
0.36836
0.36728
0.37622
0.39756
0.45478
0.5182
0.62323
0.72122
0.7987
0.90158
1.00887
0.42117
0.45049
0.404
0.36693
0.36252
0.36287
0.36716
0.36359
0.36347
0.36681
0.36669
0.3655
0.36407
0.36967
0.37062
0.36681
0.36728
0.3711
0.3655
0.36299
0.36585
0.36812
0.36812
0.35822
0.3686
0.36168
0.3655
0.3655
0.37193
