500us, 175 coils, 2.5Vmotor

sample rate:  0.100000s
samples:      60
index:        0
-------------------
-0.01395
-0.01395
-0.01276
-0.01657
-0.01144
-0.0267
-0.01657
-0.02158
-0.01776
-0.01776
-0.01395
-0.01526
-0.00513
0.02289
0.04959
0.08988
0.16165
0.22233
0.31161
0.40591
0.49651
0.59307
0.66113
0.7478
0.8359
0.92995
0.93973
1.03438
1.10829
-0.01276
-0.01907
-0.01907
-0.01395
-0.02408
-0.01657
-0.01776
-0.01144
-0.02289
-0.01526
-0.02539
-0.01395
-0.02038
-0.01144
-0.01276
-0.01526
-0.01013
-0.01395
-0.01776
-0.01776
-0.01657
-0.01657
-0.02158
-0.01776
-0.02289
-0.01395
-0.02289
-0.01776
-0.01776
-0.01276
-0.02158
