50us, 100 coils, 2.5Vmotor

sample rate:  0.100000s
samples:      60
index:        0
-------------------
-0.01276
-0.01526
-0.01776
-0.01144
-0.02038
-0.01907
-0.02539
-0.00894
-0.01907
-0.01776
-0.01907
-0.01907
-0.02789
-0.01776
-0.00894
-0.01776
-0.01907
-0.01395
-0.01776
-0.02289
-0.01276
-0.01395
-0.01657
-0.01907
-0.01657
-0.02289
-0.01526
-0.01657
-0.01907
-0.01907
-0.01907
-0.01907
-0.01526
-0.01776
-0.01657
-0.01144
-0.01657
0.0025
0.02921
0.06843
0.13113
0.20266
0.3041
0.40519
0.50497
0.61822
-0.00763
-0.02158
-0.01013
-0.01526
-0.01526
-0.01526
-0.01907
-0.01144
-0.01657
-0.01907
-0.01776
-0.01907
-0.02289
-0.02408
