50us, 100 coils, 2.5Vmotor

sample rate:  0.100000s
samples:      60
index:        0
-------------------
-0.01907
-0.01776
-0.02038
-0.02038
-0.01657
-0.01013
-0.01776
-0.02539
-0.02408
-0.00763
-0.01276
-0.01907
-0.01144
-0.01907
-0.01526
-0.02158
-0.01657
-0.01276
-0.01276
-0.01776
-0.01395
-0.02158
-0.01657
-0.01657
-0.01526
-0.01276
-0.01907
-0.01276
-0.01657
-0.01907
-0.01395
-0.01657
-0.02038
-0.01776
-0.01657
-0.01013
-0.00894
-0.00763
0.00381
0.02539
0.05925
0.11945
0.18883
0.26762
0.36967
0.47994
0.58949
-0.06104
-0.01526
-0.02158
-0.00632
-0.01657
-0.01776
-0.02038
-0.01276
-0.01395
-0.01526
-0.01657
-0.01657
-0.01395
