50us, 100 coils, 2.5Vmotor

sample rate:  0.100000s
samples:      60
index:        0
-------------------
-0.01776
-0.01776
-0.01526
-0.01276
-0.01657
-0.02289
-0.01526
-0.01907
-0.01395
-0.01907
-0.01907
-0.01657
-0.02038
-0.01907
-0.01907
-0.01013
-0.01526
-0.01776
-0.01907
-0.01526
-0.01276
-0.02158
-0.01526
-0.01907
0.00381
0.02789
0.07546
0.14043
0.21756
0.3171
0.40746
0.52321
0.00763
-0.01907
-0.02038
-0.01657
-0.01907
-0.02289
-0.01776
-0.01395
-0.01907
-0.01907
-0.01776
-0.01907
-0.01657
-0.01395
-0.01657
-0.02408
-0.01395
-0.01657
-0.01657
-0.01907
-0.01657
-0.01776
-0.01526
-0.0267
-0.01776
-0.01776
-0.00894
-0.01657
