200us, 100 coils, 2.5Vmotor

sample rate:  0.100000s
samples:      60
index:        0
-------------------
-0.02289
-0.01907
-0.02158
-0.02038
-0.01657
-0.01657
-0.01526
-0.02289
-0.01907
-0.01657
-0.01144
-0.01657
-0.01657
-0.01657
-0.01657
-0.01526
-0.01776
-0.02289
-0.01776
-0.02289
-0.01013
-0.02539
-0.01526
-0.01013
-0.02038
-0.01776
-0.01013
-0.02038
-0.02038
-0.01144
-0.00381
0.02539
0.06568
0.12207
0.19264
0.2768
0.36669
0.46897
0.56243
0.65458
-0.04828
-0.01276
-0.00632
-0.01776
-0.01657
-0.01395
-0.01776
-0.01144
-0.01395
-0.01657
-0.01907
-0.02038
-0.01776
-0.01276
-0.01907
-0.01657
-0.01907
-0.01776
-0.01776
-0.01526
