200us, 100 coils, 2.5Vmotor

sample rate:  0.100000s
samples:      60
index:        0
-------------------
-0.01907
-0.01395
-0.01526
-0.01395
-0.00894
-0.01013
-0.01395
-0.01776
-0.01276
-0.02289
-0.01526
-0.01395
-0.01657
-0.01395
-0.01395
-0.01395
-0.01907
-0.01526
-0.01907
-0.01776
-0.01144
-0.01276
-0.01395
-0.02289
-0.01776
-0.01907
-0.01776
-0.01776
-0.01395
-0.01526
-0.02038
-0.01013
-0.00763
-0.01526
-0.01144
-0.01395
-0.01907
-0.01526
-0.02038
-0.01526
-0.01395
-0.00513
-0.01276
-0.00381
0.01657
0.05591
0.11277
0.19264
0.27287
0.36252
0.46468
0.55993
0.65887
-0.01657
-0.01144
-0.01395
-0.01657
-0.01526
-0.01907
-0.01276
