200us, 100 coils, 2.5Vmotor

sample rate:  0.100000s
samples:      60
index:        0
-------------------
-0.01657
-0.02408
-0.02289
-0.01013
-0.01395
-0.02038
-0.01526
-0.01276
-0.01526
-0.01526
-0.01144
-0.01907
-0.02158
-0.01395
-0.01276
-0.01526
-0.00763
-0.02038
-0.01526
-0.01776
-0.02038
-0.01657
-0.01657
-0.01776
-0.01907
-0.01526
-0.0267
-0.01144
-0.01144
-0.00632
0.00632
0.03076
0.0788
0.12243
0.20373
0.28563
0.36061
0.4524
0.53084
0.00429
-0.01144
-0.02158
-0.01144
-0.01144
-0.01395
-0.02038
-0.01657
-0.02158
-0.01526
-0.01013
-0.01776
-0.01395
-0.01907
-0.01526
-0.02289
-0.01395
-0.02408
-0.01776
-0.01276
-0.01013
