200us, 100 coils, 2.5Vmotor

sample rate:  0.100000s
samples:      60
index:        0
-------------------
-0.01776
-0.01776
-0.01907
-0.01395
-0.00894
-0.02158
-0.02289
-0.01144
-0.01013
-0.01395
-0.02158
-0.01776
-0.01276
-0.01776
-0.01526
-0.01657
-0.01657
-0.02289
-0.01776
-0.01395
-0.02038
-0.01776
-0.01276
-0.02408
-0.02038
-0.01276
-0.00894
-0.01144
0.0025
0.02038
0.04828
0.08225
0.13387
0.19383
0.26882
0.35942
0.41938
-0.01657
-0.00894
-0.01657
-0.01776
-0.01907
-0.01395
-0.01776
-0.01657
-0.01907
-0.01657
-0.02038
-0.01526
-0.01276
-0.02038
-0.01395
-0.02539
-0.01013
-0.01526
-0.01395
-0.02038
-0.02158
-0.01276
-0.01776
