200us, 100 coils, 2.5Vmotor

sample rate:  0.100000s
samples:      60
index:        0
-------------------
-0.01776
-0.01276
-0.01526
-0.01657
-0.01276
-0.01657
-0.01526
-0.01395
-0.01776
-0.01395
-0.01395
-0.01526
-0.02289
-0.01907
-0.01013
-0.01657
-0.01776
-0.01395
-0.00763
-0.01526
-0.00513
0.00513
0.04721
0.0788
0.14353
0.22721
0.29898
0.39005
0.47421
0.55099
-0.01144
-0.01526
-0.02158
-0.01395
-0.01526
-0.01776
-0.01776
-0.01276
-0.01395
-0.01013
-0.01907
-0.02158
-0.02539
-0.01776
-0.01395
-0.01013
-0.01526
-0.01776
-0.01657
-0.02038
-0.01276
-0.01395
-0.01013
-0.01907
-0.01776
-0.02038
-0.01526
-0.02038
-0.01395
-0.01907
