30V(powersupply), 100 coils, 2.5Vmotor

sample rate:  0.100000s
samples:      60
index:        0
-------------------
-0.01657
-0.02289
-0.01144
-0.01395
-0.02038
-0.01526
-0.02038
-0.01144
-0.01776
-0.02038
-0.01395
-0.00894
-0.01907
-0.01526
-0.01776
-0.02038
-0.01395
-0.01276
-0.01907
-0.01526
-0.00632
-0.01395
-0.01526
0.00131
0.03219
0.0751
0.13208
0.19383
0.26965
0.34809
0.44036
0.51892
0.6218
0.70834
0.80621
-0.02158
-0.01657
-0.01395
-0.01395
-0.01907
-0.01395
-0.01526
-0.01395
-0.01526
-0.01395
-0.01907
-0.01276
-0.01276
-0.02158
-0.01907
-0.01395
-0.01657
-0.02038
-0.01526
-0.01776
-0.01276
-0.01526
-0.02289
-0.01657
-0.01657
