30V(powersupply), 100 coils, 2.5Vmotor

sample rate:  0.100000s
samples:      100
index:        0
-------------------
-0.01657
-0.01776
-0.01776
-0.01395
-0.01526
-0.01013
-0.01526
-0.01657
-0.01395
-0.01526
-0.02158
-0.01276
-0.01395
-0.01013
-0.01395
-0.01657
-0.00894
-0.02539
-0.01013
-0.01657
-0.01526
-0.01776
-0.01526
-0.01276
-0.01526
-0.01013
-0.00131
0.02921
0.04578
0.08214
0.12052
0.18024
0.24951
0.32425
0.39971
0.49198
0.56171
0.66042
-0.02289
-0.00894
-0.01144
-0.01776
-0.01395
-0.01907
-0.01526
-0.01526
-0.02158
-0.01776
-0.01526
-0.01144
-0.01526
-0.02158
-0.00894
-0.01776
-0.01395
-0.02038
-0.01907
-0.01776
-0.01144
-0.01907
-0.02289
-0.01776
-0.01013
-0.01776
-0.01776
-0.01907
-0.01395
-0.01907
-0.01526
-0.01395
-0.01657
-0.01013
-0.02289
-0.01526
-0.01276
-0.01657
-0.01657
-0.01776
-0.01276
-0.01013
-0.01144
-0.01276
-0.01276
-0.02289
-0.00894
-0.01657
-0.02038
-0.01526
-0.01526
-0.02408
-0.02158
-0.01657
-0.01526
-0.01776
-0.02038
-0.01657
-0.01395
-0.02038
-0.01657
-0.02789
