30V(powersupply), 100 coils, 2.5Vmotor

sample rate:  0.100000s
samples:      100
index:        0
-------------------
-0.01144
-0.01526
-0.02038
-0.01776
-0.01144
-0.01657
-0.01395
-0.01144
-0.01657
-0.01144
-0.02289
-0.01776
-0.01013
-0.01657
-0.02038
-0.01276
-0.00381
0.01907
0.0546
0.09751
0.14353
0.20182
0.27668
0.35059
0.43035
0.52536
0.60046
0.69487
0.78118
0.86868
0.89037
0.01013
-0.02289
-0.01276
-0.01526
-0.01657
-0.01657
-0.01657
-0.01907
-0.01657
-0.02158
-0.01657
-0.01395
-0.02038
-0.02038
-0.01776
-0.01907
-0.01276
-0.01776
-0.01144
-0.01395
-0.01395
-0.01395
-0.01657
-0.02038
-0.00894
-0.01657
-0.01013
-0.01526
-0.02289
-0.02038
-0.01526
-0.01657
-0.02158
-0.01144
-0.01907
-0.01395
-0.01907
-0.01907
-0.01144
-0.01526
-0.01907
-0.01276
-0.01657
-0.01395
-0.01776
-0.01776
-0.02289
-0.01907
-0.01013
-0.02289
-0.01907
-0.01657
-0.01657
-0.01013
-0.02289
-0.02038
-0.01526
-0.01144
-0.00632
-0.01907
-0.01276
-0.01907
-0.01907
-0.01907
-0.01144
-0.02038
-0.01526
-0.01526
-0.01013
