30V(powersupply), 100 coils, 2.5Vmotor

sample rate:  0.100000s
samples:      60
index:        0
-------------------
-0.01657
-0.02038
-0.01276
-0.01395
-0.01276
-0.01907
-0.02289
-0.00381
-0.01144
-0.02038
-0.01776
-0.01526
-0.01907
-0.01144
-0.01776
-0.01395
-0.01657
-0.01144
-0.01276
-0.01907
-0.01395
-0.01013
-0.01776
-0.01395
-0.01276
-0.01013
-0.00894
-0.01395
-0.01526
-0.01907
-0.02158
-0.02158
-0.02158
-0.02158
-0.01907
-0.01907
-0.01776
-0.01144
0.0
0.01657
0.03791
0.0751
0.12279
0.18883
0.26059
0.34523
0.42784
0.51391
0.60618
0.70083
0.80478
0.0
-0.01907
-0.01657
-0.01144
-0.02038
-0.01907
-0.01144
-0.02038
-0.01013
